object={
	name="bridge 01"
	render_pass=MapUnderWater
	clamp_to_water_level=no
	generated_content=no
	layer="temp_layer"
	pdxmesh="bridge_01_mesh"
	count=37
	transform="736.787048 1.932556 887.148743 0.000000 0.727863 0.000000 -0.685723 1.426497 1.426497 1.426497
757.415344 1.932556 940.352661 0.000000 0.999967 0.000000 -0.008175 1.426497 1.426497 1.426497
723.838867 1.932556 946.353394 0.000000 0.840649 0.000000 -0.541580 1.426497 1.426497 1.426497
712.420105 1.932556 873.101135 0.000000 0.971884 0.000000 -0.235459 1.426497 1.426497 1.426497
533.084106 2.250854 940.544006 0.000000 0.971234 0.000000 -0.238127 1.616833 1.616833 1.616833
602.695068 2.364014 909.144226 0.000000 0.820222 0.000000 0.572045 1.426497 1.426497 1.426497
602.115112 3.510681 791.459412 0.000000 0.210749 0.000000 0.977540 1.426497 1.426497 1.426497
688.190491 4.674805 756.567871 0.000000 0.094122 0.000000 0.995561 1.426497 1.426497 1.426497
668.439697 2.219788 825.831116 0.000000 0.338169 0.000000 0.941085 1.426497 1.426497 1.426497
671.808716 2.219788 835.641113 0.000000 0.116867 0.000000 0.993148 1.426497 1.426497 1.426497
642.518372 2.219788 845.064819 0.000000 0.116867 0.000000 0.993148 1.426497 1.426497 1.426497
636.803955 1.664978 914.167725 0.000000 0.419844 0.000000 0.907596 1.426497 1.426497 1.426497
435.899841 2.451202 441.502258 0.000000 -0.502640 0.000000 0.864496 1.946588 1.946588 1.946588
394.122467 2.451202 373.027161 0.000000 -0.458494 0.000000 0.888698 1.946588 1.946588 1.946588
365.349396 1.957123 333.658203 0.000000 -0.267452 0.000000 0.963571 1.946588 1.946588 1.946588
605.976074 1.436890 1134.304321 0.000000 0.515399 0.000000 0.856950 1.620720 1.620720 1.620720
668.084167 1.436890 1063.956909 0.000000 0.158019 0.000000 0.987436 1.620720 1.620720 1.620720
588.201782 3.595703 1215.555542 0.000000 -0.475994 0.000000 0.879449 1.620720 1.620720 1.620720
584.477966 2.493774 1175.695923 0.000000 0.357881 0.000000 0.933767 1.620720 1.620720 1.620720
489.388550 1.461060 1173.146729 0.000000 0.001160 0.000000 0.999999 1.634007 1.634007 1.634007
377.847229 3.324219 924.183105 0.000000 0.648694 0.000000 -0.761050 1.634007 1.634007 1.634007
364.094971 2.604797 924.823914 0.000000 0.709660 0.000000 -0.704544 1.634007 1.634007 1.634007
442.473846 1.862000 712.199097 0.000000 0.705352 0.000000 -0.708857 1.634007 1.634007 1.634007
422.177124 1.862000 655.401489 0.000000 0.999926 0.000000 0.012172 1.634007 1.634007 1.634007
478.282745 1.862000 582.807068 0.000000 0.869813 0.000000 -0.493381 1.634007 1.634007 1.634007
229.260071 2.146942 443.428101 0.000000 -0.382485 0.000000 -0.923962 1.634007 1.634007 1.634007
258.658173 3.935333 369.899994 0.000000 -0.545999 0.000000 -0.837786 1.634007 1.634007 1.634007
320.749847 2.224639 323.723602 0.000000 -0.227490 0.000000 -0.973781 1.634007 1.634007 1.634007
211.250397 2.524932 174.699829 0.000000 0.342725 0.000000 -0.939436 1.634007 1.634007 1.634007
271.743683 1.536148 228.842361 0.000000 0.001635 0.000000 -0.999999 1.634007 1.634007 1.634007
412.990021 2.854980 828.235291 0.000000 0.801964 0.000000 -0.597373 1.634007 1.634007 1.634007
369.051758 3.613525 1100.110474 0.000000 0.737064 0.000000 0.675822 1.634007 1.634007 1.634007
372.397034 2.332153 1170.402466 0.000000 -0.092276 0.000000 0.995733 1.634007 1.634007 1.634007
339.888275 2.678223 1189.684082 0.000000 0.455793 0.000000 0.890086 1.634007 1.634007 1.634007
274.633820 1.734497 1274.731567 0.000000 0.191049 0.000000 0.981581 1.634007 1.634007 1.634007
135.939651 1.734497 1039.728027 0.000000 0.321331 0.000000 0.946967 1.634007 1.634007 1.634007
272.736938 1.734497 1222.321777 0.000000 -0.233971 0.000000 0.972243 1.634007 1.634007 1.634007
"}
