object={
	name="steppe_bush_01_generator_0"
	render_pass=Map
	clamp_to_water_level=no
	generated_content=yes
	layer="grass_layer"
	pdxmesh="steppe_bush_01_mesh"
	count=765
	transform="94.750259 0.000000 1098.843750 0.000000 0.990138 0.000000 0.140096 0.477015 0.477015 0.477015
106.516945 0.000000 1066.841919 0.000000 0.646672 0.000000 -0.762768 0.640246 0.640246 0.640246
106.516945 0.000000 1072.838013 0.000000 0.083737 0.000000 -0.996488 0.745938 0.745938 0.745938
110.734634 0.000000 1068.863281 0.000000 0.773414 0.000000 -0.633902 0.614845 0.614845 0.614845
111.731308 0.000000 1071.842407 0.000000 0.297593 0.000000 0.954693 0.286215 0.286215 0.286215
106.516945 0.000000 1078.834106 0.000000 0.882558 0.000000 0.470204 0.420257 0.420257 0.420257
110.734634 0.000000 1074.859375 0.000000 0.415755 0.000000 -0.909477 0.692450 0.692450 0.692450
111.731308 0.000000 1077.838501 0.000000 0.726945 0.000000 0.686696 0.372444 0.372444 0.372444
114.509132 0.000000 1066.841919 0.000000 0.069979 0.000000 0.997548 0.251780 0.251780 0.251780
114.509132 0.000000 1072.838013 0.000000 0.246455 0.000000 -0.969154 0.722742 0.722742 0.722742
118.726822 0.000000 1068.863281 0.000000 0.968973 0.000000 0.247167 0.458691 0.458691 0.458691
113.312576 0.000000 1068.706055 0.000000 0.070534 0.000000 0.997509 0.248126 0.248126 0.248126
119.723495 0.000000 1071.842407 0.000000 0.251163 0.000000 -0.967945 0.719457 0.719457 0.719457
115.971848 0.000000 1069.944580 0.000000 0.999894 0.000000 -0.014533 0.502440 0.502440 0.502440
114.509132 0.000000 1078.834106 0.000000 0.022637 0.000000 0.999744 0.240075 0.240075 0.240075
118.726822 0.000000 1074.859375 0.000000 0.991568 0.000000 0.129585 0.478263 0.478263 0.478263
113.312576 0.000000 1074.702148 0.000000 0.486452 0.000000 0.873707 0.320905 0.320905 0.320905
119.723495 0.000000 1077.838501 0.000000 0.918287 0.000000 0.395916 0.431911 0.431911 0.431911
115.971848 0.000000 1075.940674 0.000000 0.555371 0.000000 0.831603 0.334518 0.334518 0.334518
122.501320 0.000000 1072.838013 0.000000 0.798582 0.000000 -0.601887 0.604404 0.604404 0.604404
122.501320 0.000000 1078.834106 0.000000 0.431687 0.000000 0.902023 0.313321 0.313321 0.313321
121.304764 0.000000 1074.702148 0.000000 0.836194 0.000000 0.548434 0.403989 0.403989 0.403989
110.734634 0.000000 1080.855469 0.000000 0.562576 0.000000 -0.826746 0.659765 0.659765 0.659765
98.524757 0.000000 1096.822388 0.000000 0.621842 0.000000 -0.783143 0.650492 0.650492 0.650492
102.742447 0.000000 1092.847656 0.000000 0.909599 0.000000 -0.415487 0.570334 0.570334 0.570334
103.739120 0.000000 1095.826782 0.000000 0.287713 0.000000 -0.957717 0.713930 0.713930 0.713930
98.524757 0.000000 1102.818481 0.000000 0.891462 0.000000 0.453095 0.420758 0.420758 0.420758
102.742447 0.000000 1098.843750 0.000000 0.219445 0.000000 0.975625 0.272578 0.272578 0.272578
97.328201 0.000000 1098.686523 0.000000 0.934151 0.000000 0.356879 0.439187 0.439187 0.439187
103.739120 0.000000 1101.822876 0.000000 0.141411 0.000000 0.989951 0.259204 0.259204 0.259204
99.987473 0.000000 1099.925049 0.000000 0.070757 0.000000 -0.997494 0.752772 0.752772 0.752772
106.516945 0.000000 1096.822388 0.000000 0.643963 0.000000 -0.765057 0.645169 0.645169 0.645169
106.516945 0.000000 1102.818481 0.000000 0.184763 0.000000 0.982783 0.267474 0.267474 0.267474
110.734634 0.000000 1098.843750 0.000000 0.909404 0.000000 -0.415915 0.570679 0.570679 0.570679
105.320389 0.000000 1098.686523 0.000000 0.993327 0.000000 -0.115330 0.519478 0.519478 0.519478
107.979660 0.000000 1099.925049 0.000000 0.298802 0.000000 -0.954315 0.712781 0.712781 0.712781
118.726822 0.000000 1080.855469 0.000000 0.983239 0.000000 -0.182319 0.530324 0.530324 0.530324
113.312576 0.000000 1080.698242 0.000000 0.919224 0.000000 0.393736 0.433065 0.433065 0.433065
114.509132 0.000000 1090.826294 0.000000 0.129843 0.000000 -0.991535 0.732873 0.732873 0.732873
122.501320 0.000000 1084.830200 0.000000 0.722701 0.000000 0.691160 0.371882 0.371882 0.371882
126.719009 0.000000 1080.855469 0.000000 0.163789 0.000000 0.986495 0.263020 0.263020 0.263020
121.304764 0.000000 1080.698242 0.000000 0.773429 0.000000 -0.633883 0.613984 0.613984 0.613984
127.715683 0.000000 1083.834595 0.000000 0.351914 0.000000 0.936032 0.295895 0.295895 0.295895
123.964035 0.000000 1081.936768 0.000000 0.699057 0.000000 -0.715066 0.633266 0.633266 0.633266
122.501320 0.000000 1090.826294 0.000000 0.575593 0.000000 0.817737 0.336260 0.336260 0.336260
126.719009 0.000000 1086.851562 0.000000 0.758878 0.000000 -0.651233 0.619514 0.619514 0.619514
121.304764 0.000000 1086.694336 0.000000 0.999911 0.000000 0.013330 0.497795 0.497795 0.497795
127.715683 0.000000 1089.830688 0.000000 0.444881 0.000000 -0.895589 0.687705 0.687705 0.687705
123.964035 0.000000 1087.932861 0.000000 0.997626 0.000000 0.068866 0.488429 0.488429 0.488429
125.176079 0.000000 1090.521118 0.000000 0.098719 0.000000 -0.995115 0.752636 0.752636 0.752636
114.509132 0.000000 1096.822388 0.000000 0.997397 0.000000 -0.072107 0.512027 0.512027 0.512027
118.726822 0.000000 1092.847656 0.000000 0.971675 0.000000 0.236320 0.459945 0.459945 0.459945
119.723495 0.000000 1095.826782 0.000000 0.034598 0.000000 -0.999401 0.758874 0.758874 0.758874
114.509132 0.000000 1102.818481 0.000000 0.456253 0.000000 -0.889850 0.680073 0.680073 0.680073
118.726822 0.000000 1098.843750 0.000000 0.997241 0.000000 0.074226 0.487480 0.487480 0.487480
113.312576 0.000000 1098.686523 0.000000 0.439622 0.000000 -0.898183 0.683823 0.683823 0.683823
119.723495 0.000000 1101.822876 0.000000 0.412248 0.000000 -0.911072 0.693100 0.693100 0.693100
122.501320 0.000000 1096.822388 0.000000 0.038079 0.000000 0.999275 0.240756 0.240756 0.240756
126.719009 0.000000 1092.847656 0.000000 0.928831 0.000000 0.370504 0.435328 0.435328 0.435328
121.304764 0.000000 1092.690430 0.000000 0.941279 0.000000 0.337631 0.441318 0.441318 0.441318
127.715683 0.000000 1095.826782 0.000000 0.998054 0.000000 0.062355 0.489407 0.489407 0.489407
123.964035 0.000000 1093.928955 0.000000 0.617617 0.000000 0.786479 0.344653 0.344653 0.344653
120.000229 0.000000 1095.491333 0.000000 0.877086 0.000000 0.480333 0.414942 0.414942 0.414942
122.501320 0.000000 1102.818481 0.000000 0.999243 0.000000 0.038905 0.493491 0.493491 0.493491
126.719009 0.000000 1098.843750 0.000000 0.089156 0.000000 -0.996018 0.746888 0.746888 0.746888
121.304764 0.000000 1098.686523 0.000000 0.913309 0.000000 -0.407267 0.570686 0.570686 0.570686
123.964035 0.000000 1099.925049 0.000000 0.206258 0.000000 -0.978498 0.729697 0.729697 0.729697
86.758072 0.000000 1146.812500 0.000000 0.721547 0.000000 0.692365 0.375420 0.375420 0.375420
90.532570 0.000000 1144.791138 0.000000 0.764773 0.000000 0.644300 0.385516 0.385516 0.385516
90.532570 0.000000 1150.787231 0.000000 0.370711 0.000000 -0.928748 0.700707 0.700707 0.700707
94.750259 0.000000 1146.812500 0.000000 0.600859 0.000000 -0.799355 0.654350 0.654350 0.654350
89.336014 0.000000 1146.655273 0.000000 0.126046 0.000000 -0.992024 0.737999 0.737999 0.737999
95.746933 0.000000 1149.791626 0.000000 0.826359 0.000000 0.563144 0.399195 0.399195 0.399195
98.524757 0.000000 1108.814575 0.000000 0.487384 0.000000 0.873188 0.327711 0.327711 0.327711
102.742447 0.000000 1104.839844 0.000000 0.951755 0.000000 -0.306859 0.552559 0.552559 0.552559
97.328201 0.000000 1104.682617 0.000000 0.241547 0.000000 0.970389 0.281374 0.281374 0.281374
103.739120 0.000000 1107.818970 0.000000 0.969666 0.000000 0.244436 0.459003 0.459003 0.459003
106.516945 0.000000 1108.814575 0.000000 0.912347 0.000000 -0.409418 0.568187 0.568187 0.568187
105.320389 0.000000 1104.682617 0.000000 0.981082 0.000000 0.193595 0.467290 0.467290 0.467290
118.726822 0.000000 1104.839844 0.000000 0.444849 0.000000 -0.895606 0.682863 0.682863 0.682863
121.304764 0.000000 1104.682617 0.000000 0.102022 0.000000 -0.994782 0.742900 0.742900 0.742900
98.524757 0.000000 1144.791138 0.000000 0.848640 0.000000 0.528971 0.409897 0.409897 0.409897
98.524757 0.000000 1150.787231 0.000000 0.324540 0.000000 0.945872 0.292541 0.292541 0.292541
97.328201 0.000000 1146.655273 0.000000 0.020104 0.000000 0.999798 0.242554 0.242554 0.242554
130.493500 0.000000 1078.834106 0.000000 0.086956 0.000000 -0.996212 0.746330 0.746330 0.746330
130.493500 0.000000 1084.830200 0.000000 0.056226 0.000000 -0.998418 0.755226 0.755226 0.755226
134.711197 0.000000 1080.855469 0.000000 0.262165 0.000000 0.965023 0.286514 0.286514 0.286514
129.296951 0.000000 1080.698242 0.000000 0.045412 0.000000 -0.998968 0.757051 0.757051 0.757051
131.956223 0.000000 1081.936768 0.000000 0.387627 0.000000 0.921816 0.303105 0.303105 0.303105
130.493500 0.000000 1090.826294 0.000000 0.052451 0.000000 0.998624 0.245085 0.245085 0.245085
134.711197 0.000000 1086.851562 0.000000 0.961298 0.000000 -0.275512 0.546166 0.546166 0.546166
129.296951 0.000000 1086.694336 0.000000 0.033415 0.000000 -0.999442 0.759074 0.759074 0.759074
131.956223 0.000000 1087.932861 0.000000 0.755570 0.000000 -0.655068 0.620367 0.620367 0.620367
127.992416 0.000000 1089.495239 0.000000 0.901508 0.000000 -0.432762 0.575700 0.575700 0.575700
142.703384 0.000000 1086.851562 0.000000 0.254518 0.000000 0.967068 0.284400 0.284400 0.284400
130.493500 0.000000 1096.822388 0.000000 0.872521 0.000000 0.488577 0.417165 0.417165 0.417165
129.296951 0.000000 1092.690430 0.000000 0.432917 0.000000 0.901434 0.310043 0.310043 0.310043
127.992416 0.000000 1095.491333 0.000000 0.407952 0.000000 -0.913003 0.695330 0.695330 0.695330
142.703384 0.000000 1092.847656 0.000000 0.996498 0.000000 -0.083613 0.513845 0.513845 0.513845
146.477875 0.000000 1084.830200 0.000000 0.974827 0.000000 0.222965 0.462670 0.462670 0.462670
146.477875 0.000000 1090.826294 0.000000 0.959794 0.000000 -0.280706 0.547948 0.547948 0.547948
150.695572 0.000000 1086.851562 0.000000 0.973109 0.000000 0.230343 0.460832 0.460832 0.460832
145.281326 0.000000 1086.694336 0.000000 0.962482 0.000000 -0.271345 0.545621 0.545621 0.545621
151.692245 0.000000 1089.830688 0.000000 0.992605 0.000000 -0.121390 0.520507 0.520507 0.520507
147.940598 0.000000 1087.932861 0.000000 0.830626 0.000000 0.556831 0.400848 0.400848 0.400848
154.470062 0.000000 1084.830200 0.000000 0.456684 0.000000 -0.889629 0.679309 0.679309 0.679309
154.470062 0.000000 1090.826294 0.000000 0.905051 0.000000 0.425304 0.426519 0.426519 0.426519
153.273514 0.000000 1086.694336 0.000000 0.946978 0.000000 -0.321299 0.554714 0.554714 0.554714
146.477875 0.000000 1096.822388 0.000000 0.904794 0.000000 0.425849 0.426418 0.426418 0.426418
150.695572 0.000000 1092.847656 0.000000 0.834725 0.000000 -0.550668 0.598273 0.598273 0.598273
145.281326 0.000000 1092.690430 0.000000 0.974489 0.000000 -0.224436 0.538005 0.538005 0.538005
151.692245 0.000000 1095.826782 0.000000 0.572549 0.000000 0.819870 0.338024 0.338024 0.338024
147.940598 0.000000 1093.928955 0.000000 0.615820 0.000000 0.787887 0.347093 0.347093 0.347093
150.695572 0.000000 1098.843750 0.000000 0.920411 0.000000 0.390952 0.433566 0.433566 0.433566
154.470062 0.000000 1096.822388 0.000000 0.444060 0.000000 -0.895997 0.683008 0.683008 0.683008
153.273514 0.000000 1092.690430 0.000000 0.729416 0.000000 -0.684070 0.626949 0.626949 0.626949
155.932785 0.000000 1093.928955 0.000000 0.912270 0.000000 -0.409589 0.570588 0.570588 0.570588
153.273514 0.000000 1098.686523 0.000000 0.997648 0.000000 -0.068546 0.511303 0.511303 0.511303
130.493500 0.000000 1114.810669 0.000000 0.999689 0.000000 -0.024936 0.504094 0.504094 0.504094
138.485687 0.000000 1114.810669 0.000000 0.710480 0.000000 0.703717 0.369427 0.369427 0.369427
130.493500 0.000000 1120.806763 0.000000 0.092169 0.000000 -0.995743 0.746383 0.746383 0.746383
134.711197 0.000000 1116.832031 0.000000 0.927217 0.000000 0.374524 0.435309 0.435309 0.435309
135.707870 0.000000 1119.811157 0.000000 0.929086 0.000000 -0.369864 0.563845 0.563845 0.563845
130.493500 0.000000 1126.802856 0.000000 0.062546 0.000000 -0.998042 0.743804 0.743804 0.743804
134.711197 0.000000 1122.828125 0.000000 0.921870 0.000000 0.387498 0.432944 0.432944 0.432944
135.707870 0.000000 1125.807251 0.000000 0.488734 0.000000 -0.872433 0.677331 0.677331 0.677331
138.485687 0.000000 1120.806763 0.000000 0.907855 0.000000 -0.419285 0.572910 0.572910 0.572910
142.703384 0.000000 1116.832031 0.000000 0.982719 0.000000 -0.185101 0.530793 0.530793 0.530793
137.289139 0.000000 1116.674805 0.000000 0.668825 0.000000 -0.743420 0.641246 0.641246 0.641246
143.700058 0.000000 1119.811157 0.000000 0.000369 0.000000 -1.000000 0.761703 0.761703 0.761703
139.948410 0.000000 1117.913330 0.000000 0.123400 0.000000 -0.992357 0.743858 0.743858 0.743858
138.485687 0.000000 1126.802856 0.000000 0.841512 0.000000 0.540239 0.405605 0.405605 0.405605
142.703384 0.000000 1122.828125 0.000000 0.470268 0.000000 -0.882524 0.679502 0.679502 0.679502
137.289139 0.000000 1122.670898 0.000000 0.459195 0.000000 0.888335 0.315692 0.315692 0.315692
139.948410 0.000000 1123.909424 0.000000 0.853782 0.000000 0.520630 0.407722 0.407722 0.407722
146.477875 0.000000 1120.806763 0.000000 0.910639 0.000000 -0.413204 0.568593 0.568593 0.568593
130.493500 0.000000 1150.787231 0.000000 0.400946 0.000000 0.916102 0.310599 0.310599 0.310599
138.485687 0.000000 1150.787231 0.000000 0.273295 0.000000 -0.961930 0.714019 0.714019 0.714019
162.462250 0.000000 1114.810669 0.000000 0.668399 0.000000 0.743803 0.364940 0.364940 0.364940
166.679947 0.000000 1110.835938 0.000000 0.960148 0.000000 0.279491 0.453856 0.453856 0.453856
170.454437 0.000000 1108.814575 0.000000 0.989145 0.000000 0.146944 0.475884 0.475884 0.475884
170.454437 0.000000 1114.810669 0.000000 0.152037 0.000000 0.988375 0.261015 0.261015 0.261015
174.672134 0.000000 1110.835938 0.000000 0.395788 0.000000 0.918342 0.306047 0.306047 0.306047
169.257889 0.000000 1110.678711 0.000000 0.762100 0.000000 0.647459 0.383960 0.383960 0.383960
175.668808 0.000000 1113.815063 0.000000 0.286491 0.000000 0.958083 0.285058 0.285058 0.285058
166.679947 0.000000 1116.832031 0.000000 0.166738 0.000000 0.986001 0.267027 0.267027 0.267027
167.676620 0.000000 1119.811157 0.000000 0.691163 0.000000 0.722699 0.365905 0.365905 0.365905
166.679947 0.000000 1122.828125 0.000000 0.600532 0.000000 -0.799601 0.652104 0.652104 0.652104
170.454437 0.000000 1120.806763 0.000000 0.394375 0.000000 0.918950 0.303609 0.303609 0.303609
174.672134 0.000000 1116.832031 0.000000 0.692901 0.000000 -0.721033 0.635705 0.635705 0.635705
169.257889 0.000000 1116.674805 0.000000 0.497180 0.000000 -0.867647 0.676363 0.676363 0.676363
175.668808 0.000000 1119.811157 0.000000 0.873861 0.000000 -0.486176 0.585557 0.585557 0.585557
171.917160 0.000000 1117.913330 0.000000 0.995282 0.000000 0.097028 0.483623 0.483623 0.483623
170.454437 0.000000 1126.802856 0.000000 0.908522 0.000000 -0.417836 0.570220 0.570220 0.570220
174.672134 0.000000 1122.828125 0.000000 0.512387 0.000000 0.858755 0.326594 0.326594 0.326594
169.257889 0.000000 1122.670898 0.000000 0.462142 0.000000 -0.886806 0.681027 0.681027 0.681027
175.668808 0.000000 1125.807251 0.000000 0.308701 0.000000 -0.951159 0.708683 0.708683 0.708683
171.917160 0.000000 1123.909424 0.000000 0.465137 0.000000 0.885239 0.318178 0.318178 0.318178
178.446625 0.000000 1108.814575 0.000000 0.926284 0.000000 0.376825 0.437061 0.437061 0.437061
178.446625 0.000000 1114.810669 0.000000 0.996603 0.000000 -0.082353 0.513842 0.513842 0.513842
177.250076 0.000000 1110.678711 0.000000 0.773375 0.000000 0.633949 0.386002 0.386002 0.386002
178.446625 0.000000 1120.806763 0.000000 0.644047 0.000000 0.764986 0.354306 0.354306 0.354306
182.664322 0.000000 1116.832031 0.000000 0.676641 0.000000 -0.736313 0.635850 0.635850 0.635850
177.250076 0.000000 1116.674805 0.000000 0.516521 0.000000 0.856275 0.326762 0.326762 0.326762
179.909348 0.000000 1117.913330 0.000000 0.124617 0.000000 0.992205 0.256349 0.256349 0.256349
178.446625 0.000000 1126.802856 0.000000 0.266794 0.000000 0.963754 0.288923 0.288923 0.288923
182.664322 0.000000 1122.828125 0.000000 0.393184 0.000000 -0.919460 0.690056 0.690056 0.690056
177.250076 0.000000 1122.670898 0.000000 0.359020 0.000000 -0.933330 0.701321 0.701321 0.701321
58.563816 0.000000 1216.744263 0.000000 0.080637 0.000000 -0.996744 0.740872 0.740872 0.740872
62.781513 0.000000 1212.769531 0.000000 0.988783 0.000000 0.149360 0.475297 0.475297 0.475297
63.778187 0.000000 1215.748657 0.000000 0.982736 0.000000 0.185015 0.469106 0.469106 0.469106
58.563816 0.000000 1222.740356 0.000000 0.965348 0.000000 0.260965 0.457485 0.457485 0.457485
62.781513 0.000000 1218.765625 0.000000 0.002627 0.000000 -0.999997 0.761327 0.761327 0.761327
63.778187 0.000000 1221.744751 0.000000 0.852822 0.000000 -0.522202 0.591217 0.591217 0.591217
62.781513 0.000000 1224.761719 0.000000 0.778015 0.000000 0.628245 0.388919 0.388919 0.388919
86.758072 0.000000 1152.808594 0.000000 0.560445 0.000000 -0.828192 0.662015 0.662015 0.662015
90.532570 0.000000 1156.783325 0.000000 0.580864 0.000000 0.814001 0.340333 0.340333 0.340333
94.750259 0.000000 1152.808594 0.000000 0.231832 0.000000 -0.972756 0.725280 0.725280 0.725280
89.336014 0.000000 1152.651367 0.000000 0.901148 0.000000 -0.433511 0.575281 0.575281 0.575281
95.746933 0.000000 1155.787720 0.000000 0.587077 0.000000 0.809531 0.341029 0.341029 0.341029
91.995285 0.000000 1153.889893 0.000000 0.699576 0.000000 0.714558 0.365862 0.365862 0.365862
94.750259 0.000000 1158.804688 0.000000 0.967107 0.000000 -0.254372 0.542540 0.542540 0.542540
89.336014 0.000000 1158.647461 0.000000 0.277280 0.000000 -0.960789 0.711724 0.711724 0.711724
98.524757 0.000000 1156.783325 0.000000 0.546727 0.000000 -0.837311 0.663511 0.663511 0.663511
97.328201 0.000000 1152.651367 0.000000 0.926382 0.000000 0.376586 0.434934 0.434934 0.434934
99.987473 0.000000 1153.889893 0.000000 0.350574 0.000000 0.936535 0.297168 0.297168 0.297168
97.328201 0.000000 1158.647461 0.000000 0.972609 0.000000 -0.232448 0.538655 0.538655 0.538655
126.719009 0.000000 1158.804688 0.000000 0.798580 0.000000 -0.601889 0.605211 0.605211 0.605211
66.556007 0.000000 1210.748169 0.000000 0.735046 0.000000 0.678017 0.376769 0.376769 0.376769
71.770370 0.000000 1209.752563 0.000000 0.915764 0.000000 0.401716 0.431369 0.431369 0.431369
74.548195 0.000000 1210.748169 0.000000 0.123169 0.000000 -0.992386 0.748414 0.748414 0.748414
78.765884 0.000000 1206.773438 0.000000 0.464505 0.000000 -0.885571 0.677868 0.677868 0.677868
79.762558 0.000000 1209.752563 0.000000 0.147701 0.000000 -0.989032 0.736173 0.736173 0.736173
77.222954 0.000000 1210.442993 0.000000 0.999374 0.000000 0.035367 0.493973 0.493973 0.493973
66.556007 0.000000 1216.744263 0.000000 0.381800 0.000000 -0.924245 0.700162 0.700162 0.700162
70.773697 0.000000 1212.769531 0.000000 0.750352 0.000000 0.661038 0.375141 0.375141 0.375141
65.359451 0.000000 1212.612305 0.000000 0.702493 0.000000 -0.711691 0.631472 0.631472 0.631472
71.770370 0.000000 1215.748657 0.000000 0.999993 0.000000 -0.003809 0.500663 0.500663 0.500663
68.018723 0.000000 1213.850830 0.000000 0.806108 0.000000 0.591768 0.392101 0.392101 0.392101
69.230766 0.000000 1216.439087 0.000000 0.971029 0.000000 -0.238962 0.541566 0.541566 0.541566
66.556007 0.000000 1222.740356 0.000000 0.292724 0.000000 0.956197 0.286151 0.286151 0.286151
70.773697 0.000000 1218.765625 0.000000 0.984442 0.000000 0.175710 0.469243 0.469243 0.469243
65.359451 0.000000 1218.608398 0.000000 0.942870 0.000000 -0.333161 0.557237 0.557237 0.557237
71.770370 0.000000 1221.744751 0.000000 0.335218 0.000000 -0.942141 0.713237 0.713237 0.713237
68.018723 0.000000 1219.846924 0.000000 0.311176 0.000000 0.950352 0.284704 0.284704 0.284704
68.411224 0.000000 1217.229980 0.000000 0.381000 0.000000 0.924575 0.296745 0.296745 0.296745
74.548195 0.000000 1216.744263 0.000000 0.070045 0.000000 -0.997544 0.766005 0.766005 0.766005
78.765884 0.000000 1212.769531 0.000000 0.405185 0.000000 0.914235 0.301996 0.301996 0.301996
73.351639 0.000000 1212.612305 0.000000 0.166412 0.000000 0.986056 0.255584 0.255584 0.255584
79.762558 0.000000 1215.748657 0.000000 0.317287 0.000000 0.948330 0.285029 0.285029 0.285029
76.010910 0.000000 1213.850830 0.000000 0.217896 0.000000 -0.975972 0.734436 0.734436 0.734436
72.047104 0.000000 1215.413208 0.000000 0.717583 0.000000 0.696473 0.363911 0.363911 0.363911
77.222954 0.000000 1216.439087 0.000000 0.138246 0.000000 -0.990398 0.751166 0.751166 0.751166
74.058662 0.000000 1214.573120 0.000000 0.415462 0.000000 0.909611 0.298227 0.298227 0.298227
74.548195 0.000000 1222.740356 0.000000 0.650854 0.000000 -0.759203 0.649043 0.649043 0.649043
78.765884 0.000000 1218.765625 0.000000 0.944137 0.000000 0.329554 0.441101 0.441101 0.441101
73.351639 0.000000 1218.608398 0.000000 0.987297 0.000000 -0.158883 0.528183 0.528183 0.528183
79.762558 0.000000 1221.744751 0.000000 0.974936 0.000000 0.222485 0.460791 0.460791 0.460791
76.010910 0.000000 1219.846924 0.000000 0.952673 0.000000 0.303998 0.445827 0.445827 0.445827
72.047104 0.000000 1221.409302 0.000000 0.079092 0.000000 0.996867 0.238396 0.238396 0.238396
77.222954 0.000000 1222.435181 0.000000 0.664034 0.000000 -0.747702 0.645491 0.645491 0.645491
76.403412 0.000000 1217.229980 0.000000 0.955789 0.000000 0.294053 0.447655 0.447655 0.447655
74.058662 0.000000 1220.569214 0.000000 0.001929 0.000000 -0.999998 0.775152 0.775152 0.775152
82.540382 0.000000 1210.748169 0.000000 0.880440 0.000000 0.474158 0.416751 0.416751 0.416751
87.754745 0.000000 1209.752563 0.000000 0.132638 0.000000 -0.991165 0.741391 0.741391 0.741391
85.215141 0.000000 1210.442993 0.000000 0.718861 0.000000 -0.695153 0.632406 0.632406 0.632406
90.532570 0.000000 1204.752075 0.000000 0.716033 0.000000 0.698066 0.375093 0.375093 0.375093
90.532570 0.000000 1210.748169 0.000000 0.920843 0.000000 -0.389935 0.570751 0.570751 0.570751
94.750259 0.000000 1206.773438 0.000000 0.787784 0.000000 -0.615951 0.610170 0.610170 0.610170
89.336014 0.000000 1206.616211 0.000000 0.845003 0.000000 -0.534762 0.592617 0.592617 0.592617
95.746933 0.000000 1209.752563 0.000000 0.983644 0.000000 -0.180121 0.530746 0.530746 0.530746
88.031479 0.000000 1209.417114 0.000000 0.838880 0.000000 -0.544316 0.597353 0.597353 0.597353
93.207329 0.000000 1210.442993 0.000000 0.190425 0.000000 0.981702 0.255530 0.255530 0.255530
82.540382 0.000000 1216.744263 0.000000 0.975236 0.000000 0.221167 0.459635 0.459635 0.459635
86.758072 0.000000 1212.769531 0.000000 0.695132 0.000000 0.718882 0.354803 0.354803 0.354803
81.343826 0.000000 1212.612305 0.000000 0.638517 0.000000 -0.769608 0.650189 0.650189 0.650189
87.754745 0.000000 1215.748657 0.000000 0.995891 0.000000 -0.090560 0.516867 0.516867 0.516867
84.003098 0.000000 1213.850830 0.000000 0.650845 0.000000 0.759210 0.346651 0.346651 0.346651
80.039291 0.000000 1215.413208 0.000000 0.971802 0.000000 -0.235797 0.541451 0.541451 0.541451
85.215141 0.000000 1216.439087 0.000000 0.997810 0.000000 -0.066142 0.512270 0.512270 0.512270
84.395599 0.000000 1211.233887 0.000000 0.991101 0.000000 0.133112 0.477002 0.477002 0.477002
82.050850 0.000000 1214.573120 0.000000 0.671852 0.000000 0.740685 0.351112 0.351112 0.351112
85.815659 0.000000 1214.594727 0.000000 0.686212 0.000000 0.727402 0.351554 0.351554 0.351554
82.540382 0.000000 1222.740356 0.000000 0.194436 0.000000 0.980915 0.258829 0.258829 0.258829
86.758072 0.000000 1218.765625 0.000000 0.989708 0.000000 0.143104 0.472844 0.472844 0.472844
81.343826 0.000000 1218.608398 0.000000 0.162956 0.000000 0.986633 0.250583 0.250583 0.250583
87.754745 0.000000 1221.744751 0.000000 0.510627 0.000000 0.859802 0.306227 0.306227 0.306227
84.003098 0.000000 1219.846924 0.000000 0.013545 0.000000 0.999908 0.209391 0.209391 0.209391
80.039291 0.000000 1221.409302 0.000000 0.225106 0.000000 -0.974334 0.737347 0.737347 0.737347
85.215141 0.000000 1222.435181 0.000000 0.811859 0.000000 0.583853 0.388709 0.388709 0.388709
84.395599 0.000000 1217.229980 0.000000 0.298060 0.000000 -0.954547 0.735073 0.735073 0.735073
82.050850 0.000000 1220.569214 0.000000 0.124809 0.000000 0.992181 0.240140 0.240140 0.240140
85.815659 0.000000 1220.590820 0.000000 0.961395 0.000000 0.275172 0.448499 0.448499 0.448499
87.882843 0.000000 1217.213623 0.000000 0.040620 0.000000 0.999175 0.210625 0.210625 0.210625
82.714333 0.000000 1217.499634 0.000000 0.602500 0.000000 -0.798119 0.667274 0.667274 0.667274
86.050735 0.000000 1217.289917 0.000000 0.294892 0.000000 0.955530 0.259551 0.259551 0.259551
85.152405 0.000000 1218.722290 0.000000 0.656736 0.000000 0.754121 0.340571 0.340571 0.340571
90.532570 0.000000 1216.744263 0.000000 0.329390 0.000000 0.944194 0.267189 0.267189 0.267189
94.750259 0.000000 1212.769531 0.000000 0.673603 0.000000 0.739093 0.349458 0.349458 0.349458
89.336014 0.000000 1212.612305 0.000000 0.569210 0.000000 0.822192 0.324085 0.324085 0.324085
95.746933 0.000000 1215.748657 0.000000 0.264805 0.000000 -0.964302 0.740684 0.740684 0.740684
91.995285 0.000000 1213.850830 0.000000 0.376496 0.000000 0.926418 0.283336 0.283336 0.283336
88.031479 0.000000 1215.413208 0.000000 0.028437 0.000000 0.999596 0.211208 0.211208 0.211208
93.207329 0.000000 1216.439087 0.000000 0.789347 0.000000 0.613947 0.376224 0.376224 0.376224
92.387787 0.000000 1211.233887 0.000000 0.863919 0.000000 -0.503631 0.593554 0.593554 0.593554
90.043037 0.000000 1214.573120 0.000000 0.739628 0.000000 0.673016 0.361764 0.361764 0.361764
93.807846 0.000000 1214.594727 0.000000 0.630372 0.000000 0.776293 0.334696 0.334696 0.334696
88.783165 0.000000 1216.990601 0.000000 0.939789 0.000000 0.341754 0.433823 0.433823 0.433823
91.735291 0.000000 1215.547363 0.000000 0.847237 0.000000 -0.531215 0.604861 0.604861 0.604861
90.532570 0.000000 1222.740356 0.000000 0.512339 0.000000 -0.858783 0.689532 0.689532 0.689532
94.750259 0.000000 1218.765625 0.000000 0.069378 0.000000 0.997590 0.218883 0.218883 0.218883
89.336014 0.000000 1218.608398 0.000000 0.986709 0.000000 0.162495 0.469235 0.469235 0.469235
95.746933 0.000000 1221.744751 0.000000 0.995396 0.000000 0.095843 0.482087 0.482087 0.482087
91.995285 0.000000 1219.846924 0.000000 0.063746 0.000000 0.997966 0.216886 0.216886 0.216886
88.031479 0.000000 1221.409302 0.000000 0.599752 0.000000 -0.800186 0.673107 0.673107 0.673107
93.207329 0.000000 1222.435181 0.000000 0.937363 0.000000 0.348355 0.434487 0.434487 0.434487
92.387787 0.000000 1217.229980 0.000000 0.873192 0.000000 0.487377 0.404679 0.404679 0.404679
90.043037 0.000000 1220.569214 0.000000 0.036459 0.000000 0.999335 0.214626 0.214626 0.214626
93.807846 0.000000 1220.590820 0.000000 0.896576 0.000000 0.442891 0.414376 0.414376 0.414376
95.875031 0.000000 1217.213623 0.000000 0.266421 0.000000 -0.963857 0.743623 0.743623 0.743623
90.706520 0.000000 1217.499634 0.000000 0.991542 0.000000 0.129783 0.475468 0.475468 0.475468
88.783165 0.000000 1222.986694 0.000000 0.211500 0.000000 -0.977378 0.749130 0.749130 0.749130
91.735291 0.000000 1221.543457 0.000000 0.650870 0.000000 0.759189 0.339662 0.339662 0.339662
88.144829 0.000000 1219.797852 0.000000 0.435483 0.000000 -0.900197 0.711150 0.711150 0.711150
94.042923 0.000000 1217.289917 0.000000 0.250156 0.000000 0.968206 0.253225 0.253225 0.253225
93.144592 0.000000 1218.722290 0.000000 0.470114 0.000000 -0.882606 0.702478 0.702478 0.702478
90.681664 0.000000 1219.150513 0.000000 0.402856 0.000000 -0.915263 0.717203 0.717203 0.717203
66.556007 0.000000 1228.736450 0.000000 0.785987 0.000000 0.618242 0.392259 0.392259 0.392259
70.773697 0.000000 1224.761719 0.000000 0.996857 0.000000 -0.079218 0.513314 0.513314 0.513314
65.359451 0.000000 1224.604492 0.000000 0.967134 0.000000 0.254268 0.457639 0.457639 0.457639
68.018723 0.000000 1225.843018 0.000000 0.719334 0.000000 0.694664 0.371545 0.371545 0.371545
74.548195 0.000000 1228.736450 0.000000 0.995039 0.000000 0.099482 0.483892 0.483892 0.483892
78.765884 0.000000 1224.761719 0.000000 0.998939 0.000000 0.046059 0.492293 0.492293 0.492293
73.351639 0.000000 1224.604492 0.000000 0.946474 0.000000 -0.322781 0.555591 0.555591 0.555591
76.010910 0.000000 1225.843018 0.000000 0.999926 0.000000 0.012187 0.497946 0.497946 0.497946
76.403412 0.000000 1223.226074 0.000000 0.922526 0.000000 -0.385934 0.568254 0.568254 0.568254
82.540382 0.000000 1228.736450 0.000000 0.579722 0.000000 0.814815 0.346636 0.346636 0.346636
86.758072 0.000000 1224.761719 0.000000 0.970724 0.000000 -0.240197 0.542694 0.542694 0.542694
81.343826 0.000000 1224.604492 0.000000 0.339232 0.000000 -0.940703 0.706382 0.706382 0.706382
87.754745 0.000000 1227.740845 0.000000 0.999251 0.000000 0.038699 0.493404 0.493404 0.493404
84.003098 0.000000 1225.843018 0.000000 0.937823 0.000000 -0.347114 0.561508 0.561508 0.561508
84.395599 0.000000 1223.226074 0.000000 0.986963 0.000000 0.160946 0.471145 0.471145 0.471145
87.882843 0.000000 1223.209717 0.000000 0.922885 0.000000 0.385075 0.427959 0.427959 0.427959
86.758072 0.000000 1230.757812 0.000000 0.549523 0.000000 0.835479 0.338892 0.338892 0.338892
90.532570 0.000000 1228.736450 0.000000 0.997699 0.000000 -0.067798 0.511476 0.511476 0.511476
94.750259 0.000000 1224.761719 0.000000 0.235228 0.000000 -0.971940 0.739670 0.739670 0.739670
89.336014 0.000000 1224.604492 0.000000 0.993990 0.000000 0.109468 0.480352 0.480352 0.480352
95.746933 0.000000 1227.740845 0.000000 0.882960 0.000000 0.469449 0.415211 0.415211 0.415211
91.995285 0.000000 1225.843018 0.000000 0.926162 0.000000 -0.377125 0.569508 0.569508 0.569508
88.031479 0.000000 1227.405396 0.000000 0.609739 0.000000 0.792602 0.341227 0.341227 0.341227
92.387787 0.000000 1223.226074 0.000000 0.961416 0.000000 -0.275099 0.551313 0.551313 0.551313
90.043037 0.000000 1226.565308 0.000000 0.697552 0.000000 -0.716534 0.640099 0.640099 0.640099
93.807846 0.000000 1226.586914 0.000000 0.410901 0.000000 0.911680 0.298058 0.298058 0.298058
95.875031 0.000000 1223.209717 0.000000 0.074596 0.000000 0.997214 0.223598 0.223598 0.223598
90.706520 0.000000 1223.495728 0.000000 0.993156 0.000000 0.116794 0.478520 0.478520 0.478520
94.042923 0.000000 1223.286011 0.000000 0.675166 0.000000 -0.737666 0.653265 0.653265 0.653265
94.750259 0.000000 1230.757812 0.000000 0.569946 0.000000 -0.821682 0.657093 0.657093 0.657093
89.336014 0.000000 1230.600586 0.000000 0.386434 0.000000 0.922317 0.307285 0.307285 0.307285
98.524757 0.000000 1204.752075 0.000000 0.057078 0.000000 0.998370 0.256255 0.256255 0.256255
98.524757 0.000000 1210.748169 0.000000 0.205843 0.000000 -0.978585 0.731470 0.731470 0.731470
97.328201 0.000000 1206.616211 0.000000 0.430137 0.000000 0.902764 0.315144 0.315144 0.315144
106.516945 0.000000 1210.748169 0.000000 0.996963 0.000000 0.077871 0.487448 0.487448 0.487448
110.734634 0.000000 1206.773438 0.000000 0.521135 0.000000 -0.853474 0.666584 0.666584 0.666584
98.524757 0.000000 1216.744263 0.000000 0.620957 0.000000 -0.783845 0.661926 0.661926 0.661926
102.742447 0.000000 1212.769531 0.000000 0.461160 0.000000 -0.887317 0.679167 0.679167 0.679167
97.328201 0.000000 1212.612305 0.000000 0.793119 0.000000 0.609066 0.383101 0.383101 0.383101
103.739120 0.000000 1215.748657 0.000000 0.147262 0.000000 -0.989098 0.736247 0.736247 0.736247
99.987473 0.000000 1213.850830 0.000000 0.695306 0.000000 -0.718714 0.640148 0.640148 0.640148
96.023666 0.000000 1215.413208 0.000000 0.893396 0.000000 -0.449270 0.584336 0.584336 0.584336
101.199516 0.000000 1216.439087 0.000000 0.997743 0.000000 -0.067150 0.511660 0.511660 0.511660
98.035225 0.000000 1214.573120 0.000000 0.577590 0.000000 -0.816327 0.670475 0.670475 0.670475
96.775352 0.000000 1216.990601 0.000000 0.497564 0.000000 0.867427 0.307327 0.307327 0.307327
98.524757 0.000000 1222.740356 0.000000 0.020269 0.000000 -0.999795 0.771935 0.771935 0.771935
102.742447 0.000000 1218.765625 0.000000 0.731417 0.000000 -0.681930 0.625987 0.625987 0.625987
97.328201 0.000000 1218.608398 0.000000 0.450216 0.000000 0.892920 0.294703 0.294703 0.294703
103.739120 0.000000 1221.744751 0.000000 0.184297 0.000000 -0.982871 0.730876 0.730876 0.730876
99.987473 0.000000 1219.846924 0.000000 0.538847 0.000000 -0.842404 0.680687 0.680687 0.680687
96.023666 0.000000 1221.409302 0.000000 0.942488 0.000000 -0.334240 0.562961 0.562961 0.562961
100.379974 0.000000 1217.229980 0.000000 0.720135 0.000000 0.693834 0.366953 0.366953 0.366953
98.035225 0.000000 1220.569214 0.000000 0.340990 0.000000 -0.940067 0.718278 0.718278 0.718278
98.698708 0.000000 1217.499634 0.000000 0.793340 0.000000 -0.608779 0.617651 0.617651 0.617651
96.775352 0.000000 1222.986694 0.000000 0.516313 0.000000 0.856400 0.313244 0.313244 0.313244
96.137016 0.000000 1219.797852 0.000000 0.735131 0.000000 -0.677925 0.638553 0.638553 0.638553
110.734634 0.000000 1212.769531 0.000000 0.894330 0.000000 0.447409 0.423857 0.423857 0.423857
114.509132 0.000000 1204.752075 0.000000 0.998948 0.000000 -0.045847 0.507557 0.507557 0.507557
114.509132 0.000000 1210.748169 0.000000 0.479085 0.000000 0.877769 0.319487 0.319487 0.319487
118.726822 0.000000 1206.773438 0.000000 0.155589 0.000000 -0.987822 0.738379 0.738379 0.738379
113.312576 0.000000 1206.616211 0.000000 0.953941 0.000000 -0.299993 0.550394 0.550394 0.550394
119.723495 0.000000 1209.752563 0.000000 0.978766 0.000000 -0.204979 0.534789 0.534789 0.534789
122.501320 0.000000 1204.752075 0.000000 0.993440 0.000000 -0.114355 0.518955 0.518955 0.518955
122.501320 0.000000 1210.748169 0.000000 0.773360 0.000000 0.633967 0.384284 0.384284 0.384284
126.719009 0.000000 1206.773438 0.000000 0.562798 0.000000 -0.826595 0.659721 0.659721 0.659721
121.304764 0.000000 1206.616211 0.000000 0.773143 0.000000 0.634232 0.384655 0.384655 0.384655
123.964035 0.000000 1207.854736 0.000000 0.868366 0.000000 0.495924 0.413204 0.413204 0.413204
114.509132 0.000000 1216.744263 0.000000 0.816592 0.000000 0.577215 0.397461 0.397461 0.397461
118.726822 0.000000 1212.769531 0.000000 0.992098 0.000000 -0.125465 0.521199 0.521199 0.521199
113.312576 0.000000 1212.612305 0.000000 0.293980 0.000000 0.955812 0.287960 0.287960 0.287960
119.723495 0.000000 1215.748657 0.000000 0.115319 0.000000 0.993328 0.254771 0.254771 0.254771
115.971848 0.000000 1213.850830 0.000000 0.995558 0.000000 0.094154 0.484110 0.484110 0.484110
118.726822 0.000000 1218.765625 0.000000 0.952938 0.000000 -0.303164 0.551136 0.551136 0.551136
122.501320 0.000000 1216.744263 0.000000 0.328416 0.000000 -0.944533 0.706001 0.706001 0.706001
126.719009 0.000000 1212.769531 0.000000 0.882134 0.000000 -0.470999 0.581114 0.581114 0.581114
121.304764 0.000000 1212.612305 0.000000 0.481161 0.000000 -0.876632 0.680114 0.680114 0.680114
123.964035 0.000000 1213.850830 0.000000 0.722946 0.000000 0.690905 0.371465 0.371465 0.371465
121.304764 0.000000 1218.608398 0.000000 0.324605 0.000000 -0.945850 0.705899 0.705899 0.705899
98.524757 0.000000 1228.736450 0.000000 0.928076 0.000000 0.372390 0.438316 0.438316 0.438316
97.328201 0.000000 1224.604492 0.000000 0.830924 0.000000 -0.556386 0.604218 0.604218 0.604218
99.987473 0.000000 1225.843018 0.000000 0.984624 0.000000 0.174690 0.469752 0.469752 0.469752
96.023666 0.000000 1227.405396 0.000000 0.746341 0.000000 0.665564 0.375914 0.375914 0.375914
122.501320 0.000000 1270.709106 0.000000 0.892220 0.000000 0.451600 0.423964 0.423964 0.423964
98.524757 0.000000 1294.693481 0.000000 0.284405 0.000000 -0.958704 0.712906 0.712906 0.712906
102.742447 0.000000 1290.718750 0.000000 0.719947 0.000000 -0.694029 0.626871 0.626871 0.626871
103.739120 0.000000 1293.697876 0.000000 0.488648 0.000000 -0.872481 0.678010 0.678010 0.678010
106.516945 0.000000 1288.697388 0.000000 0.731590 0.000000 0.681745 0.378270 0.378270 0.378270
106.516945 0.000000 1294.693481 0.000000 0.660934 0.000000 -0.750444 0.645675 0.645675 0.645675
110.734634 0.000000 1290.718750 0.000000 0.667031 0.000000 -0.745030 0.639029 0.639029 0.639029
105.320389 0.000000 1290.561523 0.000000 0.533789 0.000000 -0.845617 0.667302 0.667302 0.667302
111.731308 0.000000 1293.697876 0.000000 0.730545 0.000000 -0.682865 0.628078 0.628078 0.628078
109.191704 0.000000 1294.388306 0.000000 0.678080 0.000000 0.734988 0.356742 0.356742 0.356742
118.726822 0.000000 1278.726562 0.000000 0.895056 0.000000 0.445954 0.423259 0.423259 0.423259
119.723495 0.000000 1281.705688 0.000000 0.306414 0.000000 -0.951898 0.709082 0.709082 0.709082
122.501320 0.000000 1276.705200 0.000000 0.976992 0.000000 -0.213275 0.536219 0.536219 0.536219
126.719009 0.000000 1272.730469 0.000000 0.880890 0.000000 -0.473322 0.581550 0.581550 0.581550
121.304764 0.000000 1272.573242 0.000000 0.999444 0.000000 -0.033351 0.505476 0.505476 0.505476
127.715683 0.000000 1275.709595 0.000000 0.999664 0.000000 -0.025916 0.504352 0.504352 0.504352
122.501320 0.000000 1282.701294 0.000000 0.895319 0.000000 -0.445426 0.577796 0.577796 0.577796
126.719009 0.000000 1278.726562 0.000000 0.386569 0.000000 0.922261 0.302180 0.302180 0.302180
121.304764 0.000000 1278.569336 0.000000 0.974585 0.000000 -0.224019 0.538074 0.538074 0.538074
127.715683 0.000000 1281.705688 0.000000 0.996421 0.000000 -0.084531 0.514262 0.514262 0.514262
123.964035 0.000000 1279.807861 0.000000 0.206396 0.000000 -0.978469 0.729673 0.729673 0.729673
114.509132 0.000000 1288.697388 0.000000 0.950017 0.000000 0.312199 0.448675 0.448675 0.448675
118.726822 0.000000 1284.722656 0.000000 0.931106 0.000000 -0.364750 0.561054 0.561054 0.561054
114.509132 0.000000 1294.693481 0.000000 0.927234 0.000000 -0.374482 0.565162 0.565162 0.565162
118.726822 0.000000 1290.718750 0.000000 0.226645 0.000000 0.973978 0.280524 0.280524 0.280524
113.312576 0.000000 1290.561523 0.000000 0.632965 0.000000 -0.774181 0.645893 0.645893 0.645893
119.723495 0.000000 1293.697876 0.000000 0.962210 0.000000 -0.272309 0.545787 0.545787 0.545787
112.008041 0.000000 1293.362427 0.000000 0.763102 0.000000 -0.646278 0.618855 0.618855 0.618855
122.501320 0.000000 1288.697388 0.000000 0.628963 0.000000 0.777436 0.356593 0.356593 0.356593
126.719009 0.000000 1284.722656 0.000000 0.356730 0.000000 0.934207 0.299021 0.299021 0.299021
121.304764 0.000000 1284.565430 0.000000 0.859773 0.000000 0.510677 0.411352 0.411352 0.411352
122.501320 0.000000 1294.693481 0.000000 0.624472 0.000000 0.781047 0.353427 0.353427 0.353427
98.524757 0.000000 1300.689575 0.000000 0.635733 0.000000 0.771909 0.351946 0.351946 0.351946
102.742447 0.000000 1296.714844 0.000000 0.621641 0.000000 0.783302 0.346656 0.346656 0.346656
103.739120 0.000000 1299.693970 0.000000 0.137078 0.000000 0.990560 0.252205 0.252205 0.252205
101.199516 0.000000 1300.384399 0.000000 0.322826 0.000000 -0.946459 0.713964 0.713964 0.713964
98.524757 0.000000 1306.685669 0.000000 0.964015 0.000000 -0.265849 0.544170 0.544170 0.544170
102.742447 0.000000 1302.710938 0.000000 0.290616 0.000000 -0.956840 0.722979 0.722979 0.722979
103.739120 0.000000 1305.690063 0.000000 0.980280 0.000000 0.197615 0.465485 0.465485 0.465485
99.987473 0.000000 1303.792236 0.000000 0.885033 0.000000 -0.465528 0.580997 0.580997 0.580997
100.379974 0.000000 1301.175293 0.000000 0.999636 0.000000 -0.026989 0.504650 0.504650 0.504650
106.516945 0.000000 1300.689575 0.000000 0.845980 0.000000 -0.533214 0.600740 0.600740 0.600740
110.734634 0.000000 1296.714844 0.000000 0.581839 0.000000 -0.813304 0.667765 0.667765 0.667765
105.320389 0.000000 1296.557617 0.000000 0.708082 0.000000 0.706130 0.365433 0.365433 0.365433
111.731308 0.000000 1299.693970 0.000000 0.802159 0.000000 0.597111 0.384978 0.384978 0.384978
107.979660 0.000000 1297.796143 0.000000 0.879142 0.000000 0.476561 0.413811 0.413811 0.413811
104.015854 0.000000 1299.358521 0.000000 0.964768 0.000000 0.263103 0.453639 0.453639 0.453639
109.191704 0.000000 1300.384399 0.000000 0.864180 0.000000 0.503183 0.404234 0.404234 0.404234
108.372162 0.000000 1295.179199 0.000000 0.992939 0.000000 -0.118626 0.520631 0.520631 0.520631
106.027412 0.000000 1298.518433 0.000000 0.096425 0.000000 -0.995340 0.761313 0.761313 0.761313
109.792221 0.000000 1298.540039 0.000000 0.608722 0.000000 0.793383 0.335857 0.335857 0.335857
106.516945 0.000000 1306.685669 0.000000 0.665929 0.000000 0.746015 0.352843 0.352843 0.352843
110.734634 0.000000 1302.710938 0.000000 0.930407 0.000000 -0.366528 0.568627 0.568627 0.568627
105.320389 0.000000 1302.553711 0.000000 0.857274 0.000000 0.514861 0.404470 0.404470 0.404470
111.731308 0.000000 1305.690063 0.000000 0.207836 0.000000 -0.978164 0.746419 0.746419 0.746419
107.979660 0.000000 1303.792236 0.000000 0.735367 0.000000 -0.677669 0.632911 0.632911 0.632911
104.015854 0.000000 1305.354614 0.000000 0.943165 0.000000 0.332324 0.440586 0.440586 0.440586
109.191704 0.000000 1306.380493 0.000000 0.830463 0.000000 0.557074 0.395268 0.395268 0.395268
108.372162 0.000000 1301.175293 0.000000 0.564196 0.000000 0.825641 0.323582 0.323582 0.323582
106.027412 0.000000 1304.514526 0.000000 0.393321 0.000000 -0.919401 0.706778 0.706778 0.706778
109.792221 0.000000 1304.536133 0.000000 0.832810 0.000000 -0.553559 0.605448 0.605448 0.605448
111.859406 0.000000 1301.158936 0.000000 0.447270 0.000000 -0.894399 0.700382 0.700382 0.700382
106.690895 0.000000 1301.444946 0.000000 0.896449 0.000000 0.443147 0.417762 0.417762 0.417762
102.742447 0.000000 1308.707031 0.000000 0.797634 0.000000 -0.603142 0.609508 0.609508 0.609508
103.739120 0.000000 1311.686157 0.000000 0.953014 0.000000 -0.302925 0.551287 0.551287 0.551287
106.516945 0.000000 1312.681763 0.000000 0.089500 0.000000 -0.995987 0.751452 0.751452 0.751452
110.734634 0.000000 1308.707031 0.000000 0.076532 0.000000 0.997067 0.236080 0.236080 0.236080
105.320389 0.000000 1308.549805 0.000000 0.188039 0.000000 0.982162 0.263722 0.263722 0.263722
111.731308 0.000000 1311.686157 0.000000 0.234172 0.000000 -0.972195 0.733203 0.733203 0.733203
107.979660 0.000000 1309.788330 0.000000 0.863596 0.000000 -0.504185 0.592019 0.592019 0.592019
104.015854 0.000000 1311.350708 0.000000 0.816052 0.000000 0.577979 0.395767 0.395767 0.395767
109.191704 0.000000 1312.376587 0.000000 0.066133 0.000000 -0.997811 0.758249 0.758249 0.758249
108.372162 0.000000 1307.171387 0.000000 0.876976 0.000000 -0.480534 0.588851 0.588851 0.588851
109.792221 0.000000 1310.532227 0.000000 0.561810 0.000000 0.827267 0.329138 0.329138 0.329138
111.859406 0.000000 1307.155029 0.000000 0.968091 0.000000 0.250600 0.454469 0.454469 0.454469
110.734634 0.000000 1314.703125 0.000000 0.519827 0.000000 0.854271 0.328053 0.328053 0.328053
114.509132 0.000000 1300.689575 0.000000 0.157823 0.000000 -0.987467 0.745932 0.745932 0.745932
118.726822 0.000000 1296.714844 0.000000 0.286758 0.000000 -0.958003 0.715694 0.715694 0.715694
113.312576 0.000000 1296.557617 0.000000 0.986806 0.000000 0.161908 0.471783 0.471783 0.471783
119.723495 0.000000 1299.693970 0.000000 0.704343 0.000000 0.709860 0.366990 0.366990 0.366990
115.971848 0.000000 1297.796143 0.000000 0.542884 0.000000 0.839808 0.330756 0.330756 0.330756
112.008041 0.000000 1299.358521 0.000000 0.283755 0.000000 -0.958897 0.725031 0.725031 0.725031
117.183891 0.000000 1300.384399 0.000000 0.883494 0.000000 -0.468443 0.583374 0.583374 0.583374
114.509132 0.000000 1306.685669 0.000000 0.649198 0.000000 0.760619 0.348423 0.348423 0.348423
118.726822 0.000000 1302.710938 0.000000 0.726512 0.000000 -0.687154 0.629081 0.629081 0.629081
113.312576 0.000000 1302.553711 0.000000 0.314103 0.000000 0.949389 0.275080 0.275080 0.275080
119.723495 0.000000 1305.690063 0.000000 0.472503 0.000000 0.881329 0.316207 0.316207 0.316207
115.971848 0.000000 1303.792236 0.000000 0.666338 0.000000 0.745650 0.351363 0.351363 0.351363
112.008041 0.000000 1305.354614 0.000000 0.120254 0.000000 -0.992743 0.760685 0.760685 0.760685
117.183891 0.000000 1306.380493 0.000000 0.221945 0.000000 0.975059 0.267125 0.267125 0.267125
114.019600 0.000000 1304.514526 0.000000 0.971480 0.000000 -0.237121 0.542435 0.542435 0.542435
122.501320 0.000000 1300.689575 0.000000 0.198302 0.000000 -0.980141 0.725075 0.725075 0.725075
121.304764 0.000000 1296.557617 0.000000 0.968878 0.000000 0.247538 0.458160 0.458160 0.458160
122.501320 0.000000 1306.685669 0.000000 0.879446 0.000000 0.475999 0.419495 0.419495 0.419495
121.304764 0.000000 1302.553711 0.000000 0.833819 0.000000 -0.552038 0.597455 0.597455 0.597455
114.509132 0.000000 1312.681763 0.000000 0.130275 0.000000 0.991478 0.256411 0.256411 0.256411
118.726822 0.000000 1308.707031 0.000000 0.938863 0.000000 -0.344291 0.559231 0.559231 0.559231
113.312576 0.000000 1308.549805 0.000000 0.756575 0.000000 0.653907 0.374998 0.374998 0.374998
119.723495 0.000000 1311.686157 0.000000 0.111995 0.000000 0.993709 0.255117 0.255117 0.255117
115.971848 0.000000 1309.788330 0.000000 0.993568 0.000000 0.113236 0.480452 0.480452 0.480452
112.008041 0.000000 1311.350708 0.000000 0.262507 0.000000 0.964930 0.274353 0.274353 0.274353
116.364349 0.000000 1307.171387 0.000000 0.526548 0.000000 0.850145 0.324303 0.324303 0.324303
114.509132 0.000000 1318.677856 0.000000 0.962411 0.000000 -0.271597 0.544463 0.544463 0.544463
118.726822 0.000000 1314.703125 0.000000 0.458939 0.000000 0.888468 0.319740 0.319740 0.319740
113.312576 0.000000 1314.545898 0.000000 0.982960 0.000000 -0.183820 0.531039 0.531039 0.531039
115.971848 0.000000 1315.784424 0.000000 0.975266 0.000000 -0.221035 0.537280 0.537280 0.537280
122.501320 0.000000 1312.681763 0.000000 0.185583 0.000000 -0.982629 0.723747 0.723747 0.723747
121.304764 0.000000 1308.549805 0.000000 0.248049 0.000000 -0.968747 0.718345 0.718345 0.718345
130.493500 0.000000 1156.783325 0.000000 0.903619 0.000000 -0.428338 0.574318 0.574318 0.574318
134.711197 0.000000 1152.808594 0.000000 0.090913 0.000000 0.995859 0.251559 0.251559 0.251559
135.707870 0.000000 1155.787720 0.000000 0.985691 0.000000 0.168565 0.471458 0.471458 0.471458
130.493500 0.000000 1162.779419 0.000000 0.631972 0.000000 0.774991 0.351129 0.351129 0.351129
134.711197 0.000000 1158.804688 0.000000 0.094905 0.000000 0.995486 0.247627 0.247627 0.247627
129.296951 0.000000 1158.647461 0.000000 0.088583 0.000000 -0.996069 0.745133 0.745133 0.745133
135.707870 0.000000 1161.783813 0.000000 0.464085 0.000000 0.885791 0.311866 0.311866 0.311866
131.956223 0.000000 1159.885986 0.000000 0.666013 0.000000 -0.745940 0.641357 0.641357 0.641357
133.168274 0.000000 1162.474243 0.000000 0.123297 0.000000 -0.992370 0.747488 0.747488 0.747488
138.485687 0.000000 1156.783325 0.000000 0.413887 0.000000 -0.910328 0.694939 0.694939 0.694939
142.703384 0.000000 1152.808594 0.000000 0.717155 0.000000 -0.696913 0.627053 0.627053 0.627053
137.289139 0.000000 1152.651367 0.000000 0.810680 0.000000 0.585490 0.394986 0.394986 0.394986
143.700058 0.000000 1155.787720 0.000000 0.160789 0.000000 -0.986989 0.734853 0.734853 0.734853
139.948410 0.000000 1153.889893 0.000000 0.986772 0.000000 0.162115 0.472661 0.472661 0.472661
141.160461 0.000000 1156.478149 0.000000 0.309083 0.000000 0.951035 0.285110 0.285110 0.285110
138.485687 0.000000 1162.779419 0.000000 0.890860 0.000000 -0.454278 0.582998 0.582998 0.582998
142.703384 0.000000 1158.804688 0.000000 0.796616 0.000000 0.604486 0.388587 0.388587 0.388587
137.289139 0.000000 1158.647461 0.000000 0.884734 0.000000 -0.466097 0.583223 0.583223 0.583223
143.700058 0.000000 1161.783813 0.000000 0.983657 0.000000 0.180050 0.468588 0.468588 0.468588
139.948410 0.000000 1159.885986 0.000000 0.999990 0.000000 0.004554 0.499216 0.499216 0.499216
135.984604 0.000000 1161.448364 0.000000 0.994576 0.000000 0.104015 0.481985 0.481985 0.481985
141.160461 0.000000 1162.474243 0.000000 0.926198 0.000000 -0.377037 0.568043 0.568043 0.568043
137.996170 0.000000 1160.608276 0.000000 0.425808 0.000000 0.904814 0.303064 0.303064 0.303064
130.493500 0.000000 1168.775513 0.000000 0.794456 0.000000 -0.607322 0.606730 0.606730 0.606730
134.711197 0.000000 1164.800781 0.000000 0.964735 0.000000 -0.263223 0.546216 0.546216 0.546216
135.707870 0.000000 1167.779907 0.000000 0.982189 0.000000 0.187893 0.467558 0.467558 0.467558
134.711197 0.000000 1170.796875 0.000000 0.999458 0.000000 0.032923 0.494513 0.494513 0.494513
138.485687 0.000000 1168.775513 0.000000 0.184016 0.000000 0.982923 0.263022 0.263022 0.263022
142.703384 0.000000 1164.800781 0.000000 0.605478 0.000000 -0.795862 0.659704 0.659704 0.659704
137.289139 0.000000 1164.643555 0.000000 0.851196 0.000000 -0.524848 0.596905 0.596905 0.596905
143.700058 0.000000 1167.779907 0.000000 0.956376 0.000000 -0.292140 0.550884 0.550884 0.550884
139.948410 0.000000 1165.882080 0.000000 0.477411 0.000000 0.878680 0.311799 0.311799 0.311799
135.984604 0.000000 1167.444458 0.000000 0.879104 0.000000 0.476630 0.414727 0.414727 0.414727
141.160461 0.000000 1168.470337 0.000000 0.094980 0.000000 0.995479 0.248561 0.248561 0.248561
140.340912 0.000000 1163.265137 0.000000 0.980908 0.000000 0.194473 0.465552 0.465552 0.465552
137.996170 0.000000 1166.604370 0.000000 0.956066 0.000000 0.293151 0.448377 0.448377 0.448377
138.485687 0.000000 1174.771606 0.000000 0.872798 0.000000 -0.488081 0.587516 0.587516 0.587516
142.703384 0.000000 1170.796875 0.000000 0.826350 0.000000 -0.563157 0.601927 0.601927 0.601927
137.289139 0.000000 1170.639648 0.000000 0.972347 0.000000 -0.233541 0.539869 0.539869 0.539869
143.700058 0.000000 1173.776001 0.000000 0.658002 0.000000 0.753016 0.353124 0.353124 0.353124
139.948410 0.000000 1171.878174 0.000000 0.461729 0.000000 -0.887021 0.685870 0.685870 0.685870
141.160461 0.000000 1174.466431 0.000000 0.245610 0.000000 -0.969369 0.728667 0.728667 0.728667
146.477875 0.000000 1156.783325 0.000000 0.786922 0.000000 -0.617052 0.608742 0.608742 0.608742
146.477875 0.000000 1162.779419 0.000000 0.710227 0.000000 0.703972 0.368880 0.368880 0.368880
145.281326 0.000000 1158.647461 0.000000 0.108017 0.000000 -0.994149 0.746468 0.746468 0.746468
143.976791 0.000000 1161.448364 0.000000 0.205741 0.000000 0.978607 0.263406 0.263406 0.263406
146.477875 0.000000 1168.775513 0.000000 0.160068 0.000000 -0.987106 0.736735 0.736735 0.736735
150.695572 0.000000 1164.800781 0.000000 0.980109 0.000000 -0.198458 0.532545 0.532545 0.532545
145.281326 0.000000 1164.643555 0.000000 0.897731 0.000000 -0.440543 0.578302 0.578302 0.578302
147.940598 0.000000 1165.882080 0.000000 0.267493 0.000000 0.963560 0.280927 0.280927 0.280927
143.976791 0.000000 1167.444458 0.000000 0.381240 0.000000 -0.924476 0.702474 0.702474 0.702474
146.477875 0.000000 1174.771606 0.000000 0.673826 0.000000 0.738890 0.358334 0.358334 0.358334
150.695572 0.000000 1170.796875 0.000000 0.944201 0.000000 0.329369 0.445325 0.445325 0.445325
145.281326 0.000000 1170.639648 0.000000 0.458138 0.000000 0.888881 0.314124 0.314124 0.314124
147.940598 0.000000 1171.878174 0.000000 0.996190 0.000000 0.087208 0.485340 0.485340 0.485340
143.976791 0.000000 1173.440552 0.000000 0.866372 0.000000 0.499400 0.409923 0.409923 0.409923
130.493500 0.000000 1180.767700 0.000000 0.723549 0.000000 0.690273 0.377319 0.377319 0.377319
134.711197 0.000000 1176.792969 0.000000 0.933475 0.000000 -0.358643 0.560899 0.560899 0.560899
134.711197 0.000000 1182.789062 0.000000 0.994423 0.000000 0.105464 0.482458 0.482458 0.482458
135.707870 0.000000 1185.768188 0.000000 0.635383 0.000000 -0.772197 0.646478 0.646478 0.646478
138.485687 0.000000 1180.767700 0.000000 0.731304 0.000000 -0.682052 0.628825 0.628825 0.628825
142.703384 0.000000 1176.792969 0.000000 0.359272 0.000000 -0.933233 0.710288 0.710288 0.710288
137.289139 0.000000 1176.635742 0.000000 0.686062 0.000000 -0.727543 0.637805 0.637805 0.637805
143.700058 0.000000 1179.772095 0.000000 0.802279 0.000000 0.596949 0.387809 0.387809 0.387809
139.948410 0.000000 1177.874268 0.000000 0.181838 0.000000 -0.983328 0.737357 0.737357 0.737357
141.160461 0.000000 1180.462524 0.000000 0.888746 0.000000 -0.458400 0.582624 0.582624 0.582624
140.340912 0.000000 1175.257324 0.000000 0.799337 0.000000 0.600883 0.388557 0.388557 0.388557
138.485687 0.000000 1186.763794 0.000000 0.978120 0.000000 -0.208041 0.536232 0.536232 0.536232
142.703384 0.000000 1182.789062 0.000000 0.626712 0.000000 0.779251 0.342743 0.342743 0.342743
137.289139 0.000000 1182.631836 0.000000 0.780686 0.000000 -0.624923 0.614176 0.614176 0.614176
143.700058 0.000000 1185.768188 0.000000 0.802245 0.000000 0.596995 0.386601 0.386601 0.386601
139.948410 0.000000 1183.870361 0.000000 0.417575 0.000000 0.908642 0.303618 0.303618 0.303618
141.160461 0.000000 1186.458618 0.000000 0.877080 0.000000 -0.480345 0.588188 0.588188 0.588188
140.340912 0.000000 1181.253418 0.000000 0.642673 0.000000 0.766140 0.348558 0.348558 0.348558
141.760971 0.000000 1184.614258 0.000000 0.988824 0.000000 0.149088 0.473755 0.473755 0.473755
134.711197 0.000000 1188.785156 0.000000 0.992539 0.000000 -0.121925 0.519987 0.519987 0.519987
138.485687 0.000000 1192.759888 0.000000 0.997003 0.000000 0.077368 0.487239 0.487239 0.487239
142.703384 0.000000 1188.785156 0.000000 0.375824 0.000000 -0.926691 0.708658 0.708658 0.708658
137.289139 0.000000 1188.627930 0.000000 0.234630 0.000000 -0.972085 0.723130 0.723130 0.723130
143.700058 0.000000 1191.764282 0.000000 0.553720 0.000000 0.832703 0.329885 0.329885 0.329885
139.948410 0.000000 1189.866455 0.000000 0.883634 0.000000 0.468179 0.416981 0.416981 0.416981
140.340912 0.000000 1187.249512 0.000000 0.810408 0.000000 0.585866 0.389829 0.389829 0.389829
143.828156 0.000000 1187.233154 0.000000 0.045561 0.000000 0.998962 0.229647 0.229647 0.229647
142.703384 0.000000 1194.781250 0.000000 0.999514 0.000000 0.031164 0.494864 0.494864 0.494864
146.477875 0.000000 1180.767700 0.000000 0.459960 0.000000 0.887940 0.306970 0.306970 0.306970
150.695572 0.000000 1176.792969 0.000000 0.737942 0.000000 -0.674864 0.622522 0.622522 0.622522
145.281326 0.000000 1176.635742 0.000000 0.409564 0.000000 0.912281 0.299951 0.299951 0.299951
151.692245 0.000000 1179.772095 0.000000 0.913977 0.000000 0.405767 0.429591 0.429591 0.429591
147.940598 0.000000 1177.874268 0.000000 0.963907 0.000000 -0.266241 0.546423 0.546423 0.546423
143.976791 0.000000 1179.436646 0.000000 0.144936 0.000000 0.989441 0.250019 0.250019 0.250019
149.152649 0.000000 1180.462524 0.000000 0.675624 0.000000 -0.737246 0.644872 0.644872 0.644872
145.988358 0.000000 1178.596558 0.000000 0.013116 0.000000 -0.999914 0.773190 0.773190 0.773190
146.477875 0.000000 1186.763794 0.000000 0.096907 0.000000 0.995293 0.239693 0.239693 0.239693
150.695572 0.000000 1182.789062 0.000000 0.887154 0.000000 0.461473 0.416775 0.416775 0.416775
145.281326 0.000000 1182.631836 0.000000 0.999949 0.000000 0.010141 0.498202 0.498202 0.498202
151.692245 0.000000 1185.768188 0.000000 0.998378 0.000000 -0.056933 0.509884 0.509884 0.509884
147.940598 0.000000 1183.870361 0.000000 0.455970 0.000000 -0.889995 0.695193 0.695193 0.695193
143.976791 0.000000 1185.432739 0.000000 0.784923 0.000000 0.619593 0.381554 0.381554 0.381554
149.152649 0.000000 1186.458618 0.000000 0.935420 0.000000 -0.353538 0.563149 0.563149 0.563149
148.333099 0.000000 1181.253418 0.000000 0.956975 0.000000 0.290170 0.448550 0.448550 0.448550
145.988358 0.000000 1184.592651 0.000000 0.776503 0.000000 0.630114 0.378740 0.378740 0.378740
149.753159 0.000000 1184.614258 0.000000 0.698437 0.000000 0.715672 0.359620 0.359620 0.359620
154.470062 0.000000 1180.767700 0.000000 0.533668 0.000000 -0.845694 0.666068 0.666068 0.666068
154.470062 0.000000 1186.763794 0.000000 0.793720 0.000000 -0.608283 0.609376 0.609376 0.609376
153.273514 0.000000 1182.631836 0.000000 0.053890 0.000000 -0.998547 0.757514 0.757514 0.757514
151.968979 0.000000 1185.432739 0.000000 0.147922 0.000000 -0.988999 0.746789 0.746789 0.746789
146.477875 0.000000 1192.759888 0.000000 0.845677 0.000000 0.533695 0.404428 0.404428 0.404428
150.695572 0.000000 1188.785156 0.000000 0.569156 0.000000 -0.822229 0.665685 0.665685 0.665685
145.281326 0.000000 1188.627930 0.000000 0.800364 0.000000 -0.599514 0.613154 0.613154 0.613154
151.692245 0.000000 1191.764282 0.000000 0.931541 0.000000 -0.363635 0.563181 0.563181 0.563181
147.940598 0.000000 1189.866455 0.000000 0.351306 0.000000 0.936261 0.288222 0.288222 0.288222
143.976791 0.000000 1191.428833 0.000000 0.673561 0.000000 -0.739131 0.643803 0.643803 0.643803
148.333099 0.000000 1187.249512 0.000000 0.066767 0.000000 -0.997769 0.762833 0.762833 0.762833
145.988358 0.000000 1190.588745 0.000000 0.977530 0.000000 0.210798 0.463148 0.463148 0.463148
146.477875 0.000000 1198.755981 0.000000 0.983069 0.000000 -0.183236 0.530709 0.530709 0.530709
150.695572 0.000000 1194.781250 0.000000 0.185935 0.000000 -0.982562 0.729735 0.729735 0.729735
145.281326 0.000000 1194.624023 0.000000 0.939751 0.000000 0.341861 0.442076 0.442076 0.442076
151.692245 0.000000 1197.760376 0.000000 0.963989 0.000000 0.265942 0.455311 0.455311 0.455311
147.940598 0.000000 1195.862549 0.000000 0.994647 0.000000 -0.103329 0.517315 0.517315 0.517315
154.470062 0.000000 1192.759888 0.000000 0.843755 0.000000 -0.536729 0.592999 0.592999 0.592999
153.273514 0.000000 1188.627930 0.000000 0.999961 0.000000 0.008782 0.498515 0.498515 0.498515
151.968979 0.000000 1191.428833 0.000000 0.893613 0.000000 0.448839 0.420980 0.420980 0.420980
154.470062 0.000000 1198.755981 0.000000 0.118200 0.000000 0.992990 0.261605 0.261605 0.261605
153.273514 0.000000 1194.624023 0.000000 0.689170 0.000000 -0.724600 0.633540 0.633540 0.633540
130.493500 0.000000 1210.748169 0.000000 0.931635 0.000000 0.363396 0.440112 0.440112 0.440112
138.485687 0.000000 1204.752075 0.000000 0.983987 0.000000 -0.178241 0.528968 0.528968 0.528968
142.703384 0.000000 1200.777344 0.000000 0.524062 0.000000 -0.851680 0.667297 0.667297 0.667297
138.485687 0.000000 1210.748169 0.000000 0.999960 0.000000 -0.008996 0.501449 0.501449 0.501449
142.703384 0.000000 1206.773438 0.000000 0.867155 0.000000 -0.498037 0.586877 0.586877 0.586877
143.700058 0.000000 1209.752563 0.000000 0.872223 0.000000 -0.489109 0.584848 0.584848 0.584848
142.703384 0.000000 1212.769531 0.000000 0.995451 0.000000 0.095276 0.484396 0.484396 0.484396
146.477875 0.000000 1204.752075 0.000000 0.179471 0.000000 -0.983763 0.734297 0.734297 0.734297
150.695572 0.000000 1200.777344 0.000000 0.541371 0.000000 -0.840784 0.667680 0.667680 0.667680
145.281326 0.000000 1200.620117 0.000000 0.072690 0.000000 -0.997355 0.747771 0.747771 0.747771
151.692245 0.000000 1203.756470 0.000000 0.767087 0.000000 -0.641543 0.617374 0.617374 0.617374
146.477875 0.000000 1210.748169 0.000000 0.997346 0.000000 0.072809 0.487765 0.487765 0.487765
150.695572 0.000000 1206.773438 0.000000 0.104525 0.000000 -0.994522 0.747059 0.747059 0.747059
145.281326 0.000000 1206.616211 0.000000 0.752113 0.000000 -0.659034 0.620804 0.620804 0.620804
151.692245 0.000000 1209.752563 0.000000 0.911573 0.000000 -0.411138 0.571401 0.571401 0.571401
147.940598 0.000000 1207.854736 0.000000 0.897208 0.000000 0.441608 0.422922 0.422922 0.422922
154.470062 0.000000 1204.752075 0.000000 0.271028 0.000000 0.962571 0.282355 0.282355 0.282355
153.273514 0.000000 1200.620117 0.000000 0.882462 0.000000 0.470384 0.418084 0.418084 0.418084
154.470062 0.000000 1210.748169 0.000000 0.831870 0.000000 0.554970 0.401591 0.401591 0.401591
158.687759 0.000000 1206.773438 0.000000 0.956453 0.000000 -0.291887 0.548620 0.548620 0.548620
153.273514 0.000000 1206.616211 0.000000 0.463795 0.000000 -0.885942 0.683434 0.683434 0.683434
155.932785 0.000000 1207.854736 0.000000 0.785470 0.000000 -0.618900 0.612458 0.612458 0.612458
146.477875 0.000000 1216.744263 0.000000 0.630275 0.000000 -0.776372 0.643690 0.643690 0.643690
150.695572 0.000000 1212.769531 0.000000 0.837897 0.000000 -0.545828 0.596577 0.596577 0.596577
145.281326 0.000000 1212.612305 0.000000 0.896683 0.000000 -0.442674 0.575847 0.575847 0.575847
154.470062 0.000000 1216.744263 0.000000 0.970146 0.000000 0.242523 0.460554 0.460554 0.460554
153.273514 0.000000 1212.612305 0.000000 0.993336 0.000000 0.115258 0.480750 0.480750 0.480750
146.477875 0.000000 1246.724731 0.000000 0.890214 0.000000 -0.455543 0.576753 0.576753 0.576753
170.454437 0.000000 1222.740356 0.000000 0.235291 0.000000 0.971925 0.282809 0.282809 0.282809
178.446625 0.000000 1222.740356 0.000000 0.855127 0.000000 0.518418 0.408839 0.408839 0.408839
186.438812 0.000000 1216.744263 0.000000 0.924562 0.000000 -0.381033 0.562948 0.562948 0.562948
190.656509 0.000000 1212.769531 0.000000 0.037596 0.000000 0.999293 0.245459 0.245459 0.245459
191.653183 0.000000 1215.748657 0.000000 0.189397 0.000000 0.981901 0.269989 0.269989 0.269989
186.438812 0.000000 1222.740356 0.000000 0.965699 0.000000 -0.259665 0.542626 0.542626 0.542626
190.656509 0.000000 1218.765625 0.000000 0.992080 0.000000 -0.125608 0.520909 0.520909 0.520909
170.454437 0.000000 1228.736450 0.000000 0.514179 0.000000 0.857683 0.328875 0.328875 0.328875
174.672134 0.000000 1224.761719 0.000000 0.062101 0.000000 0.998070 0.245766 0.245766 0.245766
175.668808 0.000000 1227.740845 0.000000 0.060118 0.000000 -0.998191 0.754569 0.754569 0.754569
170.454437 0.000000 1234.732544 0.000000 0.954522 0.000000 -0.298139 0.548939 0.548939 0.548939
174.672134 0.000000 1230.757812 0.000000 0.994401 0.000000 0.105673 0.482159 0.482159 0.482159
175.668808 0.000000 1233.736938 0.000000 0.999768 0.000000 0.021532 0.496398 0.496398 0.496398
178.446625 0.000000 1228.736450 0.000000 0.954850 0.000000 -0.297088 0.550832 0.550832 0.550832
182.664322 0.000000 1224.761719 0.000000 0.799777 0.000000 0.600297 0.391898 0.391898 0.391898
177.250076 0.000000 1224.604492 0.000000 0.947478 0.000000 -0.319821 0.554859 0.554859 0.554859
183.660995 0.000000 1227.740845 0.000000 0.098465 0.000000 -0.995141 0.748086 0.748086 0.748086
179.909348 0.000000 1225.843018 0.000000 0.258592 0.000000 -0.965987 0.720628 0.720628 0.720628
178.446625 0.000000 1234.732544 0.000000 0.095459 0.000000 -0.995433 0.743991 0.743991 0.743991
182.664322 0.000000 1230.757812 0.000000 0.187374 0.000000 0.982289 0.267920 0.267920 0.267920
177.250076 0.000000 1230.600586 0.000000 0.490007 0.000000 -0.871718 0.678409 0.678409 0.678409
183.660995 0.000000 1233.736938 0.000000 0.999944 0.000000 0.010609 0.498232 0.498232 0.498232
179.909348 0.000000 1231.839111 0.000000 0.430614 0.000000 0.902536 0.310313 0.310313 0.310313
186.438812 0.000000 1228.736450 0.000000 0.081242 0.000000 -0.996694 0.745422 0.745422 0.745422
185.242264 0.000000 1224.604492 0.000000 0.983790 0.000000 0.179322 0.470067 0.470067 0.470067
186.438812 0.000000 1234.732544 0.000000 0.527433 0.000000 -0.849596 0.663478 0.663478 0.663478
185.242264 0.000000 1230.600586 0.000000 0.961841 0.000000 -0.273607 0.546184 0.546184 0.546184
194.431000 0.000000 1210.748169 0.000000 0.361521 0.000000 0.932364 0.298378 0.298378 0.298378
202.423187 0.000000 1210.748169 0.000000 0.266406 0.000000 -0.963861 0.713579 0.713579 0.713579
194.431000 0.000000 1216.744263 0.000000 0.767018 0.000000 -0.641626 0.617392 0.617392 0.617392
198.648697 0.000000 1212.769531 0.000000 0.534658 0.000000 -0.845069 0.669645 0.669645 0.669645
193.234451 0.000000 1212.612305 0.000000 0.925729 0.000000 -0.378188 0.565115 0.565115 0.565115
199.645370 0.000000 1215.748657 0.000000 0.163874 0.000000 0.986481 0.263035 0.263035 0.263035
195.893723 0.000000 1213.850830 0.000000 0.059489 0.000000 -0.998229 0.754675 0.754675 0.754675
194.431000 0.000000 1222.740356 0.000000 0.925960 0.000000 0.377621 0.435954 0.435954 0.435954
198.648697 0.000000 1218.765625 0.000000 0.244563 0.000000 0.969633 0.276929 0.276929 0.276929
193.234451 0.000000 1218.608398 0.000000 0.849241 0.000000 0.528006 0.406610 0.406610 0.406610
199.645370 0.000000 1221.744751 0.000000 0.962254 0.000000 0.272154 0.453724 0.453724 0.453724
195.893723 0.000000 1219.846924 0.000000 0.706576 0.000000 0.707638 0.367521 0.367521 0.367521
202.423187 0.000000 1216.744263 0.000000 0.901054 0.000000 0.433708 0.425523 0.425523 0.425523
201.226639 0.000000 1212.612305 0.000000 0.265708 0.000000 -0.964054 0.718573 0.718573 0.718573
202.423187 0.000000 1222.740356 0.000000 0.892428 0.000000 0.451190 0.424331 0.424331 0.424331
201.226639 0.000000 1218.608398 0.000000 0.719231 0.000000 -0.694771 0.628959 0.628959 0.628959
138.485687 0.000000 1252.720825 0.000000 0.452283 0.000000 -0.891875 0.680117 0.680117 0.680117
142.703384 0.000000 1248.746094 0.000000 0.075325 0.000000 0.997159 0.255466 0.255466 0.255466
138.485687 0.000000 1258.716919 0.000000 0.967789 0.000000 0.251761 0.458066 0.458066 0.458066
142.703384 0.000000 1254.742188 0.000000 0.648059 0.000000 -0.761590 0.645355 0.645355 0.645355
143.700058 0.000000 1257.721313 0.000000 0.248882 0.000000 -0.968534 0.722319 0.722319 0.722319
138.485687 0.000000 1264.713013 0.000000 0.998155 0.000000 0.060719 0.490179 0.490179 0.490179
142.703384 0.000000 1260.738281 0.000000 0.294967 0.000000 -0.955507 0.713455 0.713455 0.713455
143.700058 0.000000 1263.717407 0.000000 0.858960 0.000000 0.512043 0.410418 0.410418 0.410418
146.477875 0.000000 1252.720825 0.000000 0.136346 0.000000 0.990661 0.258343 0.258343 0.258343
150.695572 0.000000 1248.746094 0.000000 0.993200 0.000000 0.116417 0.480920 0.480920 0.480920
145.281326 0.000000 1248.588867 0.000000 0.633772 0.000000 -0.773520 0.645169 0.645169 0.645169
146.477875 0.000000 1258.716919 0.000000 0.082022 0.000000 0.996631 0.249132 0.249132 0.249132
150.695572 0.000000 1254.742188 0.000000 0.329238 0.000000 -0.944247 0.708169 0.708169 0.708169
145.281326 0.000000 1254.584961 0.000000 0.997367 0.000000 -0.072517 0.512231 0.512231 0.512231
151.692245 0.000000 1257.721313 0.000000 0.015366 0.000000 0.999882 0.237884 0.237884 0.237884
147.940598 0.000000 1255.823486 0.000000 0.239976 0.000000 -0.970779 0.723867 0.723867 0.723867
154.470062 0.000000 1252.720825 0.000000 0.995834 0.000000 -0.091190 0.514989 0.514989 0.514989
154.470062 0.000000 1258.716919 0.000000 0.224113 0.000000 -0.974563 0.722419 0.722419 0.722419
153.273514 0.000000 1254.584961 0.000000 0.740766 0.000000 0.671764 0.376792 0.376792 0.376792
146.477875 0.000000 1264.713013 0.000000 0.800906 0.000000 0.598790 0.393417 0.393417 0.393417
150.695572 0.000000 1260.738281 0.000000 0.450187 0.000000 -0.892934 0.686013 0.686013 0.686013
145.281326 0.000000 1260.581055 0.000000 0.185987 0.000000 -0.982552 0.733180 0.733180 0.733180
151.692245 0.000000 1263.717407 0.000000 0.904538 0.000000 -0.426393 0.573407 0.573407 0.573407
147.940598 0.000000 1261.819580 0.000000 0.461120 0.000000 0.887338 0.316057 0.316057 0.316057
150.695572 0.000000 1266.734375 0.000000 0.700116 0.000000 -0.714029 0.629544 0.629544 0.629544
154.470062 0.000000 1264.713013 0.000000 0.996109 0.000000 -0.088132 0.514320 0.514320 0.514320
153.273514 0.000000 1260.581055 0.000000 0.942253 0.000000 -0.334902 0.556909 0.556909 0.556909
130.493500 0.000000 1276.705200 0.000000 0.920803 0.000000 -0.390027 0.566518 0.566518 0.566518
129.296951 0.000000 1272.573242 0.000000 0.187172 0.000000 0.982327 0.273063 0.273063 0.273063
130.493500 0.000000 1282.701294 0.000000 0.990395 0.000000 0.138268 0.477057 0.477057 0.477057
129.296951 0.000000 1278.569336 0.000000 0.919649 0.000000 -0.392740 0.568015 0.568015 0.568015
129.296951 0.000000 1284.565430 0.000000 0.150135 0.000000 0.988665 0.265122 0.265122 0.265122
166.679947 0.000000 1254.742188 0.000000 0.865738 0.000000 -0.500498 0.585388 0.585388 0.585388
170.454437 0.000000 1252.720825 0.000000 0.998392 0.000000 -0.056694 0.509240 0.509240 0.509240
170.454437 0.000000 1258.716919 0.000000 0.194994 0.000000 -0.980804 0.731634 0.731634 0.731634
174.672134 0.000000 1254.742188 0.000000 0.551898 0.000000 -0.833912 0.663722 0.663722 0.663722
169.257889 0.000000 1254.584961 0.000000 0.992534 0.000000 0.121970 0.479853 0.479853 0.479853
175.668808 0.000000 1257.721313 0.000000 0.970226 0.000000 0.242201 0.458775 0.458775 0.458775
166.679947 0.000000 1260.738281 0.000000 0.929156 0.000000 -0.369688 0.563104 0.563104 0.563104
167.676620 0.000000 1263.717407 0.000000 0.661008 0.000000 0.750379 0.359109 0.359109 0.359109
166.679947 0.000000 1266.734375 0.000000 0.744014 0.000000 0.668164 0.380800 0.380800 0.380800
170.454437 0.000000 1264.713013 0.000000 0.973764 0.000000 -0.227560 0.538687 0.538687 0.538687
174.672134 0.000000 1260.738281 0.000000 0.460607 0.000000 0.887604 0.315960 0.315960 0.315960
169.257889 0.000000 1260.581055 0.000000 0.357469 0.000000 0.933925 0.296897 0.296897 0.296897
175.668808 0.000000 1263.717407 0.000000 0.150099 0.000000 -0.988671 0.739316 0.739316 0.739316
171.917160 0.000000 1261.819580 0.000000 0.430009 0.000000 0.902824 0.310200 0.310200 0.310200
174.672134 0.000000 1266.734375 0.000000 0.995691 0.000000 0.092735 0.484582 0.484582 0.484582
169.257889 0.000000 1266.577148 0.000000 0.249921 0.000000 -0.968266 0.717202 0.717202 0.717202
178.446625 0.000000 1258.716919 0.000000 0.856955 0.000000 0.515391 0.410106 0.410106 0.410106
177.250076 0.000000 1254.584961 0.000000 0.659661 0.000000 -0.751563 0.640127 0.640127 0.640127
186.438812 0.000000 1252.720825 0.000000 0.516880 0.000000 0.856058 0.334529 0.334529 0.334529
186.438812 0.000000 1258.716919 0.000000 0.678395 0.000000 -0.734697 0.637519 0.637519 0.637519
190.656509 0.000000 1254.742188 0.000000 0.857965 0.000000 0.513707 0.410769 0.410769 0.410769
191.653183 0.000000 1257.721313 0.000000 0.421906 0.000000 -0.906640 0.690600 0.690600 0.690600
178.446625 0.000000 1264.713013 0.000000 0.584563 0.000000 0.811348 0.344051 0.344051 0.344051
182.664322 0.000000 1260.738281 0.000000 0.515629 0.000000 0.856812 0.332367 0.332367 0.332367
177.250076 0.000000 1260.581055 0.000000 0.994827 0.000000 -0.101584 0.517148 0.517148 0.517148
177.250076 0.000000 1266.577148 0.000000 0.111214 0.000000 -0.993797 0.740461 0.740461 0.740461
186.438812 0.000000 1264.713013 0.000000 0.529186 0.000000 -0.848506 0.668205 0.668205 0.668205
190.656509 0.000000 1260.738281 0.000000 0.815228 0.000000 0.579140 0.395911 0.395911 0.395911
185.242264 0.000000 1260.581055 0.000000 0.964530 0.000000 0.263973 0.455983 0.455983 0.455983
191.653183 0.000000 1263.717407 0.000000 0.999642 0.000000 0.026745 0.495492 0.495492 0.495492
187.901535 0.000000 1261.819580 0.000000 0.853700 0.000000 0.520765 0.408379 0.408379 0.408379
190.656509 0.000000 1266.734375 0.000000 0.886914 0.000000 0.461935 0.419981 0.419981 0.419981
194.431000 0.000000 1252.720825 0.000000 0.839247 0.000000 -0.543751 0.592933 0.592933 0.592933
194.431000 0.000000 1258.716919 0.000000 0.942856 0.000000 -0.333200 0.557244 0.557244 0.557244
193.234451 0.000000 1254.584961 0.000000 0.995634 0.000000 -0.093343 0.515461 0.515461 0.515461
194.431000 0.000000 1264.713013 0.000000 0.983676 0.000000 -0.179949 0.530378 0.530378 0.530378
198.648697 0.000000 1260.738281 0.000000 0.930725 0.000000 -0.365719 0.561692 0.561692 0.561692
193.234451 0.000000 1260.581055 0.000000 0.151008 0.000000 0.988533 0.260839 0.260839 0.260839
195.893723 0.000000 1261.819580 0.000000 0.500710 0.000000 0.865615 0.323668 0.323668 0.323668
193.234451 0.000000 1266.577148 0.000000 0.060591 0.000000 -0.998163 0.751661 0.751661 0.751661
186.438812 0.000000 1372.642700 0.000000 0.555199 0.000000 0.831718 0.341840 0.341840 0.341840
190.656509 0.000000 1368.667969 0.000000 0.339624 0.000000 0.940561 0.297509 0.297509 0.297509
191.653183 0.000000 1371.647095 0.000000 0.922567 0.000000 -0.385836 0.566010 0.566010 0.566010
190.656509 0.000000 1374.664062 0.000000 0.926878 0.000000 0.375362 0.435877 0.435877 0.435877
194.431000 0.000000 1366.646606 0.000000 0.135218 0.000000 0.990816 0.261734 0.261734 0.261734
202.423187 0.000000 1366.646606 0.000000 0.514471 0.000000 -0.857508 0.667210 0.667210 0.667210
194.431000 0.000000 1372.642700 0.000000 0.994250 0.000000 -0.107085 0.518080 0.518080 0.518080
198.648697 0.000000 1368.667969 0.000000 0.556869 0.000000 -0.830600 0.664566 0.664566 0.664566
193.234451 0.000000 1368.510742 0.000000 0.910960 0.000000 0.412495 0.428879 0.428879 0.428879
199.645370 0.000000 1371.647095 0.000000 0.420415 0.000000 0.907332 0.308414 0.308414 0.308414
195.893723 0.000000 1369.749268 0.000000 0.961501 0.000000 0.274801 0.453088 0.453088 0.453088
194.431000 0.000000 1378.638794 0.000000 0.038332 0.000000 0.999265 0.244625 0.244625 0.244625
198.648697 0.000000 1374.664062 0.000000 0.245335 0.000000 0.969438 0.277064 0.277064 0.277064
193.234451 0.000000 1374.506836 0.000000 0.910820 0.000000 0.412804 0.428291 0.428291 0.428291
199.645370 0.000000 1377.643188 0.000000 0.975196 0.000000 0.221342 0.462528 0.462528 0.462528
195.893723 0.000000 1375.745361 0.000000 0.597295 0.000000 0.802022 0.343166 0.343166 0.343166
202.423187 0.000000 1372.642700 0.000000 0.731743 0.000000 -0.681581 0.624502 0.624502 0.624502
201.226639 0.000000 1368.510742 0.000000 0.988608 0.000000 -0.150513 0.525084 0.525084 0.525084
202.423187 0.000000 1378.638794 0.000000 0.966517 0.000000 0.256603 0.457727 0.457727 0.457727
201.226639 0.000000 1374.506836 0.000000 0.571145 0.000000 0.820849 0.338337 0.338337 0.338337
198.648697 0.000000 1380.660156 0.000000 0.803038 0.000000 0.595928 0.395603 0.395603 0.395603
"}
