object={
	name="tree_leaf_2_high_generator_1_0"
	render_pass=Map
	clamp_to_water_level=no
	generated_content=yes
	layer="tree_high_layer"
	pdxmesh="tree_leaf_01_a_mesh"
	count=147
	transform="346.282562 0.000000 209.400528 0.000000 0.997879 0.000000 0.065100 0.598927 0.598927 0.598927
450.181000 0.000000 269.361450 0.000000 0.546727 0.000000 0.837311 0.589595 0.589595 0.589595
450.181000 0.000000 275.357544 0.000000 0.066070 0.000000 0.997815 0.575207 0.575207 0.575207
454.398712 0.000000 277.378906 0.000000 0.393331 0.000000 0.919397 0.570294 0.570294 0.570294
448.984436 0.000000 283.217712 0.000000 0.970842 0.000000 0.239720 0.591660 0.591660 0.591660
446.406525 0.000000 289.371094 0.000000 0.669917 0.000000 0.742436 0.582454 0.582454 0.582454
450.181000 0.000000 293.345825 0.000000 0.324033 0.000000 0.946046 0.572120 0.572120 0.572120
454.398712 0.000000 289.371094 0.000000 0.291743 0.000000 0.956497 0.540806 0.540806 0.540806
456.976624 0.000000 289.213806 0.000000 0.594371 0.000000 0.804191 0.565012 0.565012 0.565012
154.470062 0.000000 988.892700 0.000000 0.974906 0.000000 0.222619 0.597646 0.597646 0.597646
146.477875 0.000000 1024.869263 0.000000 0.935488 0.000000 0.353359 0.584311 0.584311 0.584311
150.695572 0.000000 1026.890625 0.000000 0.596512 0.000000 0.802604 0.569298 0.569298 0.569298
218.407562 0.000000 1090.826294 0.000000 0.947484 0.000000 0.319804 0.595124 0.595124 0.595124
222.625259 0.000000 1086.851562 0.000000 0.844769 0.000000 0.535130 0.585621 0.585621 0.585621
226.399750 0.000000 1078.834106 0.000000 0.060223 0.000000 0.998185 0.559272 0.559272 0.559272
226.399750 0.000000 1084.830200 0.000000 0.326380 0.000000 0.945239 0.557337 0.557337 0.557337
122.501320 0.000000 1228.736450 0.000000 0.780835 0.000000 0.624738 0.577762 0.577762 0.577762
122.501320 0.000000 1234.732544 0.000000 0.146574 0.000000 0.989200 0.546685 0.546685 0.546685
130.493500 0.000000 1228.736450 0.000000 0.996805 0.000000 0.079869 0.598323 0.598323 0.598323
130.493500 0.000000 1234.732544 0.000000 0.439535 0.000000 0.898226 0.549862 0.549862 0.549862
129.296951 0.000000 1236.596680 0.000000 0.500789 0.000000 0.865570 0.560818 0.560818 0.560818
158.687759 0.000000 1236.753906 0.000000 0.978385 0.000000 0.206793 0.590952 0.590952 0.590952
250.376312 0.000000 1156.783325 0.000000 0.448150 0.000000 0.893958 0.568520 0.568520 0.568520
254.594009 0.000000 1158.804688 0.000000 0.795334 0.000000 0.606171 0.580490 0.580490 0.580490
255.590683 0.000000 1161.783813 0.000000 0.788630 0.000000 0.614868 0.573217 0.573217 0.573217
226.399750 0.000000 1198.755981 0.000000 0.803578 0.000000 0.595199 0.584721 0.584721 0.584721
233.195389 0.000000 1194.624023 0.000000 0.875718 0.000000 0.482823 0.575093 0.575093 0.575093
242.384125 0.000000 1186.763794 0.000000 0.612800 0.000000 0.790238 0.578161 0.578161 0.578161
246.601822 0.000000 1182.789062 0.000000 0.511215 0.000000 0.859453 0.567468 0.567468 0.567468
250.376312 0.000000 1180.767700 0.000000 0.300071 0.000000 0.953917 0.581036 0.581036 0.581036
250.376312 0.000000 1186.763794 0.000000 0.363579 0.000000 0.931563 0.569476 0.569476 0.569476
255.590683 0.000000 1185.768188 0.000000 0.381170 0.000000 0.924505 0.543451 0.543451 0.543451
241.187576 0.000000 1188.627930 0.000000 0.704469 0.000000 0.709735 0.569267 0.569267 0.569267
239.883041 0.000000 1191.428833 0.000000 0.858435 0.000000 0.512922 0.567730 0.567730 0.567730
218.407562 0.000000 1222.740356 0.000000 0.188305 0.000000 0.982111 0.537925 0.537925 0.537925
194.431000 0.000000 1234.732544 0.000000 0.983625 0.000000 0.180225 0.595385 0.595385 0.595385
214.633072 0.000000 1224.761719 0.000000 0.798466 0.000000 0.602040 0.575806 0.575806 0.575806
215.629745 0.000000 1233.736938 0.000000 0.197188 0.000000 0.980366 0.542443 0.542443 0.542443
226.399750 0.000000 1216.744263 0.000000 0.943275 0.000000 0.332013 0.593917 0.593917 0.593917
226.399750 0.000000 1222.740356 0.000000 0.833079 0.000000 0.553154 0.583318 0.583318 0.583318
242.384125 0.000000 1228.736450 0.000000 0.446982 0.000000 0.894543 0.570141 0.570141 0.570141
246.601822 0.000000 1224.761719 0.000000 0.035857 0.000000 0.999357 0.526425 0.526425 0.526425
250.376312 0.000000 1228.736450 0.000000 0.637304 0.000000 0.770612 0.571007 0.571007 0.571007
166.679947 0.000000 1248.746094 0.000000 0.942778 0.000000 0.333422 0.592362 0.592362 0.592362
186.438812 0.000000 1282.701294 0.000000 0.575098 0.000000 0.818085 0.585649 0.585649 0.585649
177.250076 0.000000 1290.561523 0.000000 0.546179 0.000000 0.837668 0.541990 0.541990 0.541990
150.695572 0.000000 1314.703125 0.000000 0.521817 0.000000 0.853057 0.573980 0.573980 0.573980
154.470062 0.000000 1312.681763 0.000000 0.515183 0.000000 0.857080 0.575324 0.575324 0.575324
154.470062 0.000000 1318.677856 0.000000 0.039215 0.000000 0.999231 0.577058 0.577058 0.577058
153.273514 0.000000 1314.545898 0.000000 0.492861 0.000000 0.870108 0.566800 0.566800 0.566800
138.485687 0.000000 1330.670044 0.000000 0.844165 0.000000 0.536084 0.590677 0.590677 0.590677
154.470062 0.000000 1342.662231 0.000000 0.664913 0.000000 0.746921 0.577259 0.577259 0.577259
170.454437 0.000000 1300.689575 0.000000 0.434235 0.000000 0.900800 0.563038 0.563038 0.563038
174.672134 0.000000 1296.714844 0.000000 0.251309 0.000000 0.967907 0.542800 0.542800 0.542800
174.672134 0.000000 1314.703125 0.000000 0.669398 0.000000 0.742904 0.571150 0.571150 0.571150
178.446625 0.000000 1318.677856 0.000000 0.499997 0.000000 0.866027 0.576471 0.576471 0.576471
186.438812 0.000000 1330.670044 0.000000 0.651014 0.000000 0.759066 0.585799 0.585799 0.585799
190.656509 0.000000 1326.695312 0.000000 0.648081 0.000000 0.761572 0.519598 0.519598 0.519598
191.653183 0.000000 1329.674438 0.000000 0.312328 0.000000 0.949974 0.464846 0.464846 0.464846
190.656509 0.000000 1332.691406 0.000000 0.997479 0.000000 0.070963 0.595213 0.595213 0.595213
191.653183 0.000000 1341.666626 0.000000 0.000706 0.000000 1.000000 0.534147 0.534147 0.534147
199.645370 0.000000 1281.705688 0.000000 0.785572 0.000000 0.618770 0.572017 0.572017 0.572017
215.629745 0.000000 1287.701782 0.000000 0.458542 0.000000 0.888673 0.532785 0.532785 0.532785
226.399750 0.000000 1288.697388 0.000000 0.924931 0.000000 0.380135 0.590654 0.590654 0.590654
242.384125 0.000000 1282.701294 0.000000 0.231451 0.000000 0.972847 0.563945 0.563945 0.563945
250.376312 0.000000 1276.705200 0.000000 0.818438 0.000000 0.574594 0.583496 0.583496 0.583496
250.376312 0.000000 1294.693481 0.000000 0.410822 0.000000 0.911715 0.584531 0.584531 0.584531
218.407562 0.000000 1312.681763 0.000000 0.206561 0.000000 0.978434 0.575505 0.575505 0.575505
222.625259 0.000000 1308.707031 0.000000 0.989973 0.000000 0.141257 0.595966 0.595966 0.595966
222.625259 0.000000 1314.703125 0.000000 0.665584 0.000000 0.746323 0.569711 0.569711 0.569711
194.431000 0.000000 1330.670044 0.000000 0.981564 0.000000 0.191133 0.587037 0.587037 0.587037
191.929916 0.000000 1329.338989 0.000000 0.477075 0.000000 0.878863 0.484225 0.484225 0.484225
193.234451 0.000000 1332.534180 0.000000 0.551384 0.000000 0.834252 0.505400 0.505400 0.505400
197.105774 0.000000 1342.357056 0.000000 0.166247 0.000000 0.986084 0.486451 0.486451 0.486451
202.423187 0.000000 1336.666138 0.000000 0.979843 0.000000 0.199768 0.594878 0.594878 0.594878
202.423187 0.000000 1342.662231 0.000000 0.883803 0.000000 0.467859 0.588331 0.588331 0.588331
210.415375 0.000000 1324.673950 0.000000 0.556212 0.000000 0.831040 0.569142 0.569142 0.569142
226.399750 0.000000 1306.685669 0.000000 0.799115 0.000000 0.601178 0.578745 0.578745 0.578745
234.391937 0.000000 1300.689575 0.000000 0.854023 0.000000 0.520235 0.589346 0.589346 0.589346
226.399750 0.000000 1312.681763 0.000000 0.679973 0.000000 0.733237 0.590137 0.590137 0.590137
225.203201 0.000000 1308.549805 0.000000 0.703304 0.000000 0.710889 0.571572 0.571572 0.571572
122.501320 0.000000 1348.658325 0.000000 0.894797 0.000000 0.446472 0.585441 0.585441 0.585441
130.493500 0.000000 1348.658325 0.000000 0.883195 0.000000 0.469005 0.581719 0.581719 0.581719
130.493500 0.000000 1354.654419 0.000000 0.655620 0.000000 0.755091 0.570516 0.570516 0.570516
134.711197 0.000000 1350.679688 0.000000 0.198738 0.000000 0.980053 0.565095 0.565095 0.565095
154.470062 0.000000 1384.634888 0.000000 0.997582 0.000000 0.069498 0.597916 0.597916 0.597916
154.470062 0.000000 1390.630981 0.000000 0.878400 0.000000 0.477926 0.557455 0.557455 0.557455
158.687759 0.000000 1386.656250 0.000000 0.951770 0.000000 0.306814 0.580848 0.580848 0.580848
155.932785 0.000000 1387.737549 0.000000 0.411483 0.000000 0.911417 0.541598 0.541598 0.541598
162.462250 0.000000 1360.650513 0.000000 0.983840 0.000000 0.179047 0.597303 0.597303 0.597303
170.454437 0.000000 1360.650513 0.000000 0.976488 0.000000 0.215573 0.595118 0.595118 0.595118
190.656509 0.000000 1344.683594 0.000000 0.996736 0.000000 0.080735 0.598184 0.598184 0.598184
190.656509 0.000000 1350.679688 0.000000 0.505676 0.000000 0.862723 0.571942 0.571942 0.571942
178.446625 0.000000 1366.646606 0.000000 0.776273 0.000000 0.630397 0.569350 0.569350 0.569350
166.679947 0.000000 1374.664062 0.000000 0.991122 0.000000 0.132956 0.595606 0.595606 0.595606
162.462250 0.000000 1384.634888 0.000000 0.433451 0.000000 0.901177 0.556284 0.556284 0.556284
162.462250 0.000000 1390.630981 0.000000 0.312960 0.000000 0.949766 0.539964 0.539964 0.539964
169.257889 0.000000 1386.499023 0.000000 0.579363 0.000000 0.815070 0.562890 0.562890 0.562890
178.446625 0.000000 1378.638794 0.000000 0.831810 0.000000 0.555061 0.591186 0.591186 0.591186
146.477875 0.000000 1408.619263 0.000000 0.301033 0.000000 0.953614 0.586736 0.586736 0.586736
154.470062 0.000000 1408.619263 0.000000 0.219796 0.000000 0.975546 0.563622 0.563622 0.563622
162.462250 0.000000 1396.627075 0.000000 0.689334 0.000000 0.724444 0.583009 0.583009 0.583009
166.679947 0.000000 1392.652344 0.000000 0.762965 0.000000 0.646440 0.584206 0.584206 0.584206
163.924973 0.000000 1393.733643 0.000000 0.937853 0.000000 0.347033 0.576642 0.576642 0.576642
194.431000 0.000000 1348.658325 0.000000 0.719378 0.000000 0.694619 0.544788 0.544788 0.544788
198.648697 0.000000 1344.683594 0.000000 0.919007 0.000000 0.394241 0.575112 0.575112 0.575112
197.105774 0.000000 1348.353149 0.000000 0.028769 0.000000 0.999586 0.477578 0.477578 0.477578
193.234451 0.000000 1350.522461 0.000000 0.598177 0.000000 0.801364 0.544303 0.544303 0.544303
198.648697 0.000000 1356.675781 0.000000 0.820512 0.000000 0.571630 0.573567 0.573567 0.573567
193.234451 0.000000 1356.518555 0.000000 0.651127 0.000000 0.758969 0.572893 0.572893 0.572893
201.226639 0.000000 1356.518555 0.000000 0.643515 0.000000 0.765433 0.568662 0.568662 0.568662
201.226639 0.000000 1362.514648 0.000000 0.217989 0.000000 0.975951 0.557501 0.557501 0.557501
206.640884 0.000000 1368.667969 0.000000 0.933231 0.000000 0.359277 0.588440 0.588440 0.588440
210.415375 0.000000 1372.642700 0.000000 0.604852 0.000000 0.796338 0.573782 0.573782 0.573782
214.633072 0.000000 1380.660156 0.000000 0.935685 0.000000 0.352835 0.590277 0.590277 0.590277
226.399750 0.000000 1378.638794 0.000000 0.825282 0.000000 0.564721 0.577528 0.577528 0.577528
226.399750 0.000000 1390.630981 0.000000 0.425386 0.000000 0.905012 0.588137 0.588137 0.588137
258.368500 0.000000 1168.775513 0.000000 0.323515 0.000000 0.946223 0.572108 0.572108 0.572108
262.586212 0.000000 1176.792969 0.000000 0.751158 0.000000 0.660123 0.581640 0.581640 0.581640
266.360687 0.000000 1186.763794 0.000000 0.037379 0.000000 0.999301 0.565546 0.565546 0.565546
273.156311 0.000000 1194.624023 0.000000 0.241946 0.000000 0.970290 0.550328 0.550328 0.550328
271.851807 0.000000 1197.424927 0.000000 0.999116 0.000000 0.042032 0.597481 0.597481 0.597481
266.360687 0.000000 1210.748169 0.000000 0.596493 0.000000 0.802618 0.590231 0.590231 0.590231
270.578400 0.000000 1212.769531 0.000000 0.700772 0.000000 0.713385 0.577393 0.577393 0.577393
273.156311 0.000000 1200.620117 0.000000 0.999061 0.000000 0.043315 0.598248 0.598248 0.598248
278.570587 0.000000 1206.773438 0.000000 0.192194 0.000000 0.981357 0.554609 0.554609 0.554609
273.156311 0.000000 1206.616211 0.000000 0.564907 0.000000 0.825155 0.559296 0.559296 0.559296
275.815613 0.000000 1207.854736 0.000000 0.870886 0.000000 0.491485 0.573833 0.573833 0.573833
306.321625 0.000000 1240.728638 0.000000 0.962268 0.000000 0.272102 0.597110 0.597110 0.597110
262.586212 0.000000 1266.734375 0.000000 0.240371 0.000000 0.970681 0.524406 0.524406 0.524406
266.360687 0.000000 1264.713013 0.000000 0.510617 0.000000 0.859808 0.568996 0.568996 0.568996
270.578400 0.000000 1266.734375 0.000000 0.959201 0.000000 0.282726 0.589695 0.589695 0.589695
265.164124 0.000000 1266.577148 0.000000 0.151016 0.000000 0.988531 0.512840 0.512840 0.512840
271.575073 0.000000 1269.713501 0.000000 0.705922 0.000000 0.708290 0.561094 0.561094 0.561094
265.164124 0.000000 1272.573242 0.000000 0.983116 0.000000 0.182981 0.594211 0.594211 0.594211
294.554962 0.000000 1272.730469 0.000000 0.813769 0.000000 0.581188 0.586065 0.586065 0.586065
462.390900 0.000000 1194.781250 0.000000 0.358135 0.000000 0.933670 0.571131 0.571131 0.571131
462.390900 0.000000 1200.777344 0.000000 0.157831 0.000000 0.987466 0.506917 0.506917 0.506917
466.165375 0.000000 1216.744263 0.000000 0.711825 0.000000 0.702357 0.576671 0.576671 0.576671
464.968811 0.000000 1212.612305 0.000000 0.393472 0.000000 0.919337 0.538849 0.538849 0.538849
670.187744 0.000000 847.007812 0.000000 0.493890 0.000000 0.869524 0.576312 0.576312 0.576312
673.962280 0.000000 844.986450 0.000000 0.788962 0.000000 0.614442 0.593062 0.593062 0.593062
681.954468 0.000000 850.982544 0.000000 0.979842 0.000000 0.199774 0.597590 0.597590 0.597590
651.448425 0.000000 866.077332 0.000000 0.978937 0.000000 0.204163 0.587988 0.587988 0.587988
651.840881 0.000000 869.456543 0.000000 0.697252 0.000000 0.716826 0.530562 0.530562 0.530562
670.187744 0.000000 870.992188 0.000000 0.019167 0.000000 0.999816 0.562812 0.562812 0.562812
673.962280 0.000000 868.970825 0.000000 0.923896 0.000000 0.382643 0.585296 0.585296 0.585296
"}
object={
	name="tree_leaf_2_high_generator_1_1"
	render_pass=Map
	clamp_to_water_level=no
	generated_content=yes
	layer="tree_high_layer"
	pdxmesh="tree_leaf_01_b_mesh"
	count=189
	transform="338.290375 0.000000 197.408340 0.000000 0.643002 0.000000 -0.765865 0.610454 0.610454 0.610454
346.282562 0.000000 197.408340 0.000000 0.071536 0.000000 -0.997438 0.624703 0.624703 0.624703
350.500275 0.000000 199.429703 0.000000 0.351826 0.000000 -0.936066 0.627216 0.627216 0.627216
345.085999 0.000000 205.268494 0.000000 0.994795 0.000000 -0.101892 0.603211 0.603211 0.603211
354.274750 0.000000 197.408340 0.000000 0.999996 0.000000 -0.002811 0.600046 0.600046 0.600046
378.251312 0.000000 203.404434 0.000000 0.996065 0.000000 -0.088621 0.601861 0.601861 0.601861
442.188812 0.000000 269.361450 0.000000 0.895588 0.000000 -0.444885 0.608978 0.608978 0.608978
438.414337 0.000000 277.378906 0.000000 0.289753 0.000000 -0.957102 0.626776 0.626776 0.626776
446.406525 0.000000 277.378906 0.000000 0.918122 0.000000 -0.396298 0.608545 0.608545 0.608545
458.173187 0.000000 269.361450 0.000000 0.992433 0.000000 -0.122789 0.601475 0.601475 0.601475
455.395386 0.000000 286.354095 0.000000 0.897270 0.000000 -0.441482 0.623973 0.623973 0.623973
458.173187 0.000000 287.349731 0.000000 0.952982 0.000000 -0.303027 0.610146 0.610146 0.610146
456.976624 0.000000 283.217712 0.000000 0.921384 0.000000 -0.388654 0.616742 0.616742 0.616742
448.984436 0.000000 289.213806 0.000000 0.230051 0.000000 -0.973179 0.642110 0.642110 0.642110
450.181000 0.000000 383.287231 0.000000 0.364536 0.000000 -0.931189 0.625116 0.625116 0.625116
450.181000 0.000000 389.283325 0.000000 0.876701 0.000000 -0.481036 0.606766 0.606766 0.606766
146.477875 0.000000 982.896606 0.000000 0.501107 0.000000 -0.865385 0.623501 0.623501 0.623501
154.470062 0.000000 982.896606 0.000000 0.846450 0.000000 -0.532468 0.605888 0.605888 0.605888
150.695572 0.000000 984.917969 0.000000 0.880566 0.000000 -0.473924 0.611094 0.611094 0.611094
146.477875 0.000000 994.888794 0.000000 0.944117 0.000000 -0.329611 0.604025 0.604025 0.604025
154.470062 0.000000 994.888794 0.000000 0.351399 0.000000 -0.936226 0.612706 0.612706 0.612706
146.477875 0.000000 1000.884888 0.000000 0.971848 0.000000 -0.235608 0.609619 0.609619 0.609619
146.477875 0.000000 1006.880981 0.000000 0.369387 0.000000 -0.929276 0.639296 0.639296 0.639296
150.695572 0.000000 1002.906250 0.000000 0.847890 0.000000 -0.530173 0.617578 0.617578 0.617578
154.470062 0.000000 1000.884888 0.000000 0.829884 0.000000 -0.557935 0.611526 0.611526 0.611526
154.470062 0.000000 1006.880981 0.000000 0.933431 0.000000 -0.358756 0.608794 0.608794 0.608794
154.470062 0.000000 1018.873169 0.000000 0.993908 0.000000 -0.110209 0.603308 0.603308 0.603308
150.695572 0.000000 1020.894531 0.000000 0.995363 0.000000 -0.096186 0.603175 0.603175 0.603175
151.692245 0.000000 1023.873596 0.000000 0.802492 0.000000 -0.596662 0.627773 0.627773 0.627773
154.470062 0.000000 1024.869263 0.000000 0.351718 0.000000 -0.936106 0.618146 0.618146 0.618146
153.273514 0.000000 1020.737244 0.000000 0.989040 0.000000 -0.147650 0.605550 0.605550 0.605550
218.407562 0.000000 1078.834106 0.000000 0.399551 0.000000 -0.916711 0.617373 0.617373 0.617373
218.407562 0.000000 1084.830200 0.000000 0.943886 0.000000 -0.330272 0.603529 0.603529 0.603529
222.625259 0.000000 1080.855469 0.000000 0.257366 0.000000 -0.966314 0.649076 0.649076 0.649076
225.203201 0.000000 1080.698242 0.000000 0.080983 0.000000 -0.996715 0.655788 0.655788 0.655788
126.719009 0.000000 1236.753906 0.000000 0.969562 0.000000 -0.244846 0.609634 0.609634 0.609634
138.485687 0.000000 1234.732544 0.000000 0.153062 0.000000 -0.988217 0.631841 0.631841 0.631841
134.711197 0.000000 1236.753906 0.000000 0.752260 0.000000 -0.658866 0.617240 0.617240 0.617240
142.703384 0.000000 1236.753906 0.000000 0.997985 0.000000 -0.063451 0.601427 0.601427 0.601427
154.470062 0.000000 1240.728638 0.000000 0.796247 0.000000 -0.604971 0.611679 0.611679 0.611679
162.462250 0.000000 1234.732544 0.000000 0.822921 0.000000 -0.568157 0.621723 0.621723 0.621723
166.679947 0.000000 1236.753906 0.000000 0.617904 0.000000 -0.786253 0.640656 0.640656 0.640656
161.265701 0.000000 1236.596680 0.000000 0.161473 0.000000 -0.986877 0.659080 0.659080 0.659080
167.676620 0.000000 1239.733032 0.000000 0.982131 0.000000 -0.188197 0.609926 0.609926 0.609926
162.462250 0.000000 1246.724731 0.000000 0.721612 0.000000 -0.692297 0.616036 0.616036 0.616036
170.454437 0.000000 1240.728638 0.000000 0.770379 0.000000 -0.637586 0.611392 0.611392 0.611392
169.257889 0.000000 1236.596680 0.000000 0.621294 0.000000 -0.783578 0.644508 0.644508 0.644508
170.454437 0.000000 1246.724731 0.000000 0.923221 0.000000 -0.384270 0.617724 0.617724 0.617724
250.376312 0.000000 1162.779419 0.000000 0.687798 0.000000 -0.725902 0.626770 0.626770 0.626770
230.617447 0.000000 1194.781250 0.000000 0.949536 0.000000 -0.313658 0.610514 0.610514 0.610514
231.614120 0.000000 1197.760376 0.000000 0.973197 0.000000 -0.229975 0.609385 0.609385 0.609385
234.391937 0.000000 1192.759888 0.000000 0.442795 0.000000 -0.896623 0.664967 0.664967 0.664967
238.609634 0.000000 1188.785156 0.000000 0.999888 0.000000 -0.014981 0.600673 0.600673 0.600673
239.606308 0.000000 1191.764282 0.000000 0.650606 0.000000 -0.759415 0.651673 0.651673 0.651673
235.854660 0.000000 1195.862549 0.000000 0.202021 0.000000 -0.979381 0.688074 0.688074 0.688074
254.594009 0.000000 1182.789062 0.000000 0.675312 0.000000 -0.737533 0.626090 0.626090 0.626090
249.179764 0.000000 1182.631836 0.000000 0.892710 0.000000 -0.450632 0.625909 0.625909 0.625909
218.407562 0.000000 1204.752075 0.000000 0.918378 0.000000 -0.395705 0.605485 0.605485 0.605485
218.407562 0.000000 1216.744263 0.000000 0.968787 0.000000 -0.247896 0.605629 0.605629 0.605629
222.625259 0.000000 1218.765625 0.000000 0.348045 0.000000 -0.937478 0.636409 0.636409 0.636409
206.640884 0.000000 1242.750000 0.000000 0.609055 0.000000 -0.793128 0.620580 0.620580 0.620580
210.415375 0.000000 1228.736450 0.000000 0.975488 0.000000 -0.220051 0.606315 0.606315 0.606315
217.211014 0.000000 1224.604492 0.000000 0.899684 0.000000 -0.436541 0.619624 0.619624 0.619624
214.633072 0.000000 1236.753906 0.000000 0.949953 0.000000 -0.312394 0.609518 0.609518 0.609518
226.399750 0.000000 1204.752075 0.000000 0.740262 0.000000 -0.672318 0.611045 0.611045 0.611045
230.617447 0.000000 1200.777344 0.000000 0.338463 0.000000 -0.940980 0.631207 0.631207 0.631207
247.598495 0.000000 1227.740845 0.000000 0.934314 0.000000 -0.356452 0.620746 0.620746 0.620746
249.179764 0.000000 1224.604492 0.000000 0.263972 0.000000 -0.964530 0.662489 0.662489 0.662489
174.672134 0.000000 1290.718750 0.000000 0.448157 0.000000 -0.893955 0.629823 0.629823 0.629823
178.446625 0.000000 1288.697388 0.000000 0.903553 0.000000 -0.428477 0.625205 0.625205 0.625205
182.664322 0.000000 1284.722656 0.000000 0.673729 0.000000 -0.738979 0.624912 0.624912 0.624912
183.660995 0.000000 1287.701782 0.000000 0.969982 0.000000 -0.243178 0.610303 0.610303 0.610303
178.446625 0.000000 1294.693481 0.000000 0.987813 0.000000 -0.155646 0.607023 0.607023 0.607023
179.909348 0.000000 1291.800049 0.000000 0.051168 0.000000 -0.998690 0.693327 0.693327 0.693327
130.493500 0.000000 1342.662231 0.000000 0.330566 0.000000 -0.943783 0.624028 0.624028 0.624028
146.477875 0.000000 1330.670044 0.000000 0.703546 0.000000 -0.710650 0.630784 0.630784 0.630784
150.695572 0.000000 1338.687500 0.000000 0.865055 0.000000 -0.501677 0.622042 0.622042 0.622042
158.687759 0.000000 1338.687500 0.000000 0.837274 0.000000 -0.546784 0.613865 0.613865 0.613865
162.462250 0.000000 1306.685669 0.000000 0.725182 0.000000 -0.688558 0.614790 0.614790 0.614790
174.672134 0.000000 1302.710938 0.000000 0.714358 0.000000 -0.699781 0.623221 0.623221 0.623221
162.462250 0.000000 1318.677856 0.000000 0.431595 0.000000 -0.902068 0.613476 0.613476 0.613476
170.454437 0.000000 1312.681763 0.000000 0.696912 0.000000 -0.717157 0.622760 0.622760 0.622760
174.672134 0.000000 1308.707031 0.000000 0.946353 0.000000 -0.323135 0.609858 0.609858 0.609858
177.250076 0.000000 1296.557617 0.000000 0.999960 0.000000 -0.008889 0.600413 0.600413 0.600413
190.656509 0.000000 1338.687500 0.000000 0.409680 0.000000 -0.912229 0.648179 0.648179 0.648179
198.648697 0.000000 1278.726562 0.000000 0.988022 0.000000 -0.154315 0.603945 0.603945 0.603945
210.415375 0.000000 1282.701294 0.000000 0.375188 0.000000 -0.926949 0.637314 0.637314 0.637314
214.633072 0.000000 1284.722656 0.000000 0.764527 0.000000 -0.644592 0.644070 0.644070 0.644070
217.211014 0.000000 1284.565430 0.000000 0.316957 0.000000 -0.948440 0.665444 0.665444 0.665444
215.906479 0.000000 1287.366333 0.000000 0.152790 0.000000 -0.988259 0.687050 0.687050 0.687050
222.625259 0.000000 1290.718750 0.000000 0.993321 0.000000 -0.115386 0.605716 0.605716 0.605716
223.621933 0.000000 1293.697876 0.000000 0.762680 0.000000 -0.646776 0.631607 0.631607 0.631607
250.376312 0.000000 1270.709106 0.000000 0.315293 0.000000 -0.948994 0.618725 0.618725 0.618725
234.391937 0.000000 1282.701294 0.000000 0.989096 0.000000 -0.147274 0.604207 0.604207 0.604207
225.203201 0.000000 1290.561523 0.000000 0.970895 0.000000 -0.239505 0.609419 0.609419 0.609419
238.609634 0.000000 1284.722656 0.000000 0.998110 0.000000 -0.061460 0.602303 0.602303 0.602303
246.601822 0.000000 1278.726562 0.000000 0.564884 0.000000 -0.825170 0.636344 0.636344 0.636344
254.594009 0.000000 1272.730469 0.000000 0.982757 0.000000 -0.184900 0.608636 0.608636 0.608636
250.376312 0.000000 1288.697388 0.000000 0.452605 0.000000 -0.891711 0.613195 0.613195 0.613195
254.594009 0.000000 1290.718750 0.000000 0.830325 0.000000 -0.557280 0.613282 0.613282 0.613282
210.415375 0.000000 1318.677856 0.000000 0.367003 0.000000 -0.930220 0.653701 0.653701 0.653701
217.211014 0.000000 1314.545898 0.000000 0.859323 0.000000 -0.511433 0.616083 0.616083 0.616083
194.431000 0.000000 1324.673950 0.000000 0.327384 0.000000 -0.944891 0.700080 0.700080 0.700080
193.234451 0.000000 1326.538086 0.000000 0.173381 0.000000 -0.984855 0.761077 0.761077 0.761077
195.893723 0.000000 1327.776611 0.000000 0.115220 0.000000 -0.993340 0.741698 0.741698 0.741698
193.941483 0.000000 1328.498901 0.000000 0.999332 0.000000 -0.036538 0.604817 0.604817 0.604817
194.431000 0.000000 1342.662231 0.000000 0.749809 0.000000 -0.661654 0.640072 0.640072 0.640072
198.648697 0.000000 1338.687500 0.000000 0.828991 0.000000 -0.559263 0.630226 0.630226 0.630226
193.234451 0.000000 1338.530273 0.000000 0.967028 0.000000 -0.254671 0.615429 0.615429 0.615429
199.645370 0.000000 1341.666626 0.000000 0.979951 0.000000 -0.199239 0.608713 0.608713 0.608713
214.633072 0.000000 1332.691406 0.000000 0.215478 0.000000 -0.976509 0.644608 0.644608 0.644608
126.719009 0.000000 1344.683594 0.000000 0.487999 0.000000 -0.872844 0.627018 0.627018 0.627018
122.501320 0.000000 1354.654419 0.000000 0.985392 0.000000 -0.170304 0.604871 0.604871 0.604871
126.719009 0.000000 1356.675781 0.000000 0.755701 0.000000 -0.654917 0.622462 0.622462 0.622462
138.485687 0.000000 1348.658325 0.000000 0.999991 0.000000 -0.004195 0.600063 0.600063 0.600063
146.477875 0.000000 1390.630981 0.000000 0.989503 0.000000 -0.144510 0.601738 0.601738 0.601738
153.273514 0.000000 1386.499023 0.000000 0.965016 0.000000 -0.262190 0.609140 0.609140 0.609140
182.664322 0.000000 1362.671875 0.000000 0.029590 0.000000 -0.999562 0.636938 0.636938 0.636938
186.438812 0.000000 1366.646606 0.000000 0.699204 0.000000 -0.714922 0.613124 0.613124 0.613124
162.462250 0.000000 1378.638794 0.000000 0.993826 0.000000 -0.110947 0.602831 0.602831 0.602831
174.672134 0.000000 1374.664062 0.000000 0.986699 0.000000 -0.162557 0.604892 0.604892 0.604892
166.679947 0.000000 1386.656250 0.000000 0.999916 0.000000 -0.012983 0.600700 0.600700 0.600700
167.676620 0.000000 1389.635376 0.000000 0.079571 0.000000 -0.996829 0.667009 0.667009 0.667009
170.454437 0.000000 1384.634888 0.000000 0.969943 0.000000 -0.243333 0.606259 0.606259 0.606259
150.695572 0.000000 1392.652344 0.000000 0.822918 0.000000 -0.568160 0.635301 0.635301 0.635301
151.692245 0.000000 1395.631470 0.000000 0.304821 0.000000 -0.952410 0.685003 0.685003 0.685003
150.695572 0.000000 1398.648438 0.000000 0.458944 0.000000 -0.888465 0.632774 0.632774 0.632774
153.273514 0.000000 1392.495117 0.000000 0.887253 0.000000 -0.461284 0.633754 0.633754 0.633754
159.684433 0.000000 1395.631470 0.000000 0.417781 0.000000 -0.908548 0.675123 0.675123 0.675123
151.968979 0.000000 1395.296021 0.000000 0.363145 0.000000 -0.931733 0.680831 0.680831 0.680831
154.470062 0.000000 1402.623169 0.000000 0.845897 0.000000 -0.533346 0.635392 0.635392 0.635392
146.477875 0.000000 1414.615356 0.000000 0.805972 0.000000 -0.591954 0.612336 0.612336 0.612336
154.470062 0.000000 1414.615356 0.000000 0.999967 0.000000 -0.008096 0.600085 0.600085 0.600085
146.477875 0.000000 1420.611450 0.000000 0.612142 0.000000 -0.790748 0.612295 0.612295 0.612295
159.961166 0.000000 1395.296021 0.000000 0.953470 0.000000 -0.301489 0.620185 0.620185 0.620185
196.286224 0.000000 1343.147949 0.000000 0.330486 0.000000 -0.943811 0.699814 0.699814 0.699814
194.431000 0.000000 1354.654419 0.000000 0.882538 0.000000 -0.470240 0.623467 0.623467 0.623467
198.648697 0.000000 1350.679688 0.000000 0.677923 0.000000 -0.735133 0.622267 0.622267 0.622267
195.893723 0.000000 1351.760986 0.000000 0.013996 0.000000 -0.999902 0.718931 0.718931 0.718931
196.286224 0.000000 1349.144043 0.000000 0.893487 0.000000 -0.449090 0.636976 0.636976 0.636976
201.226639 0.000000 1344.526367 0.000000 0.869397 0.000000 -0.494114 0.626321 0.626321 0.626321
194.431000 0.000000 1360.650513 0.000000 0.374415 0.000000 -0.927261 0.612447 0.612447 0.612447
202.423187 0.000000 1360.650513 0.000000 0.627800 0.000000 -0.778375 0.637415 0.637415 0.637415
214.633072 0.000000 1368.667969 0.000000 0.999984 0.000000 -0.005668 0.600170 0.600170 0.600170
210.415375 0.000000 1378.638794 0.000000 0.308367 0.000000 -0.951267 0.618834 0.618834 0.618834
218.407562 0.000000 1378.638794 0.000000 0.842235 0.000000 -0.539110 0.622175 0.622175 0.622175
222.625259 0.000000 1374.664062 0.000000 0.536970 0.000000 -0.843601 0.631581 0.631581 0.631581
218.407562 0.000000 1384.634888 0.000000 0.980302 0.000000 -0.197503 0.603574 0.603574 0.603574
217.211014 0.000000 1380.502930 0.000000 0.996305 0.000000 -0.085891 0.602705 0.602705 0.602705
222.625259 0.000000 1386.656250 0.000000 0.405376 0.000000 -0.914150 0.631099 0.631099 0.631099
226.399750 0.000000 1384.634888 0.000000 0.683325 0.000000 -0.730114 0.626973 0.626973 0.626973
230.617447 0.000000 1380.660156 0.000000 0.519905 0.000000 -0.854224 0.626077 0.626077 0.626077
225.203201 0.000000 1386.499023 0.000000 0.998645 0.000000 -0.052046 0.601560 0.601560 0.601560
258.368500 0.000000 1162.779419 0.000000 0.951186 0.000000 -0.308617 0.603760 0.603760 0.603760
258.368500 0.000000 1180.767700 0.000000 0.391267 0.000000 -0.920277 0.643769 0.643769 0.643769
258.368500 0.000000 1186.763794 0.000000 0.490182 0.000000 -0.871620 0.641224 0.641224 0.641224
262.586212 0.000000 1182.789062 0.000000 0.815322 0.000000 -0.579008 0.617575 0.617575 0.617575
257.171936 0.000000 1182.631836 0.000000 0.952087 0.000000 -0.305826 0.625141 0.625141 0.625141
259.831238 0.000000 1183.870361 0.000000 0.656800 0.000000 -0.754065 0.667817 0.667817 0.667817
266.360687 0.000000 1180.767700 0.000000 0.185855 0.000000 -0.982577 0.616583 0.616583 0.616583
265.164124 0.000000 1182.631836 0.000000 0.003366 0.000000 -0.999994 0.670437 0.670437 0.670437
270.578400 0.000000 1194.781250 0.000000 0.984798 0.000000 -0.173704 0.608630 0.608630 0.608630
271.575073 0.000000 1197.760376 0.000000 0.363734 0.000000 -0.931503 0.671812 0.671812 0.671812
274.352875 0.000000 1204.752075 0.000000 0.996077 0.000000 -0.088496 0.604115 0.604115 0.604115
274.352875 0.000000 1210.748169 0.000000 0.745532 0.000000 -0.666470 0.619668 0.619668 0.619668
310.539337 0.000000 1242.750000 0.000000 0.990028 0.000000 -0.140868 0.603176 0.603176 0.603176
266.360687 0.000000 1270.709106 0.000000 0.745543 0.000000 -0.666457 0.633872 0.633872 0.633872
274.352875 0.000000 1264.713013 0.000000 0.999938 0.000000 -0.011135 0.600467 0.600467 0.600467
274.352875 0.000000 1270.709106 0.000000 0.696976 0.000000 -0.717094 0.615571 0.615571 0.615571
278.570587 0.000000 1266.734375 0.000000 0.422302 0.000000 -0.906455 0.632298 0.632298 0.632298
273.156311 0.000000 1266.577148 0.000000 0.213336 0.000000 -0.976979 0.683267 0.683267 0.683267
286.562775 0.000000 1260.738281 0.000000 0.905662 0.000000 -0.424001 0.612462 0.612462 0.612462
266.360687 0.000000 1282.701294 0.000000 0.806081 0.000000 -0.591805 0.607589 0.607589 0.607589
278.570587 0.000000 1278.726562 0.000000 0.975676 0.000000 -0.219218 0.604966 0.604966 0.604966
282.345062 0.000000 1276.705200 0.000000 0.221011 0.000000 -0.975271 0.630287 0.630287 0.630287
290.337250 0.000000 1258.716919 0.000000 0.843481 0.000000 -0.537158 0.622085 0.622085 0.622085
290.337250 0.000000 1270.709106 0.000000 0.666047 0.000000 -0.745910 0.611350 0.611350 0.611350
466.165375 0.000000 1186.763794 0.000000 0.981919 0.000000 -0.189302 0.604279 0.604279 0.604279
466.165375 0.000000 1192.759888 0.000000 0.995703 0.000000 -0.092599 0.603056 0.603056 0.603056
471.379761 0.000000 1191.764282 0.000000 0.385260 0.000000 -0.922808 0.649295 0.649295 0.649295
464.968811 0.000000 1194.624023 0.000000 0.869781 0.000000 -0.493437 0.621644 0.621644 0.621644
458.173187 0.000000 1204.752075 0.000000 0.194999 0.000000 -0.980803 0.622649 0.622649 0.622649
458.173187 0.000000 1210.748169 0.000000 0.726051 0.000000 -0.687641 0.615901 0.615901 0.615901
466.165375 0.000000 1204.752075 0.000000 0.667610 0.000000 -0.744511 0.647803 0.647803 0.647803
466.165375 0.000000 1210.748169 0.000000 0.650519 0.000000 -0.759490 0.615504 0.615504 0.615504
464.968811 0.000000 1206.616211 0.000000 0.726402 0.000000 -0.687270 0.632915 0.632915 0.632915
649.985718 0.000000 856.978638 0.000000 0.680743 0.000000 -0.732522 0.613545 0.613545 0.613545
662.195557 0.000000 847.007812 0.000000 0.761862 0.000000 -0.647740 0.615832 0.615832 0.615832
678.179932 0.000000 853.003906 0.000000 0.258384 0.000000 -0.966042 0.629422 0.629422 0.629422
"}
