object={
	name="tree_pine_01_b_generator_1_0"
	render_pass=Map
	clamp_to_water_level=no
	generated_content=yes
	layer="tree_high_layer"
	pdxmesh="tree_pine_01_b_mesh"
	count=165
	transform="146.477875 0.000000 95.474739 0.000000 0.174232 0.000000 -0.984705 0.400000 0.400000 0.400000
154.470062 0.000000 89.478645 0.000000 0.915151 0.000000 -0.403111 0.400000 0.400000 0.400000
154.470062 0.000000 95.474739 0.000000 0.983596 0.000000 0.180386 0.400000 0.400000 0.400000
146.477875 0.000000 101.470833 0.000000 0.615147 0.000000 0.788412 0.400000 0.400000 0.400000
150.695572 0.000000 97.496101 0.000000 0.791202 0.000000 0.611555 0.400000 0.400000 0.400000
146.477875 0.000000 107.466927 0.000000 0.009417 0.000000 0.999956 0.400000 0.400000 0.400000
202.423187 0.000000 233.384903 0.000000 0.639620 0.000000 -0.768691 0.400000 0.400000 0.400000
206.640884 0.000000 235.406265 0.000000 0.314631 0.000000 -0.949214 0.400000 0.400000 0.400000
210.415375 0.000000 233.384903 0.000000 0.470138 0.000000 -0.882593 0.400000 0.400000 0.400000
206.640884 0.000000 241.402359 0.000000 0.118242 0.000000 -0.992985 0.400000 0.400000 0.400000
250.376312 0.000000 251.373184 0.000000 0.648640 0.000000 0.761095 0.400000 0.400000 0.400000
250.376312 0.000000 257.369263 0.000000 0.825228 0.000000 -0.564800 0.400000 0.400000 0.400000
254.594009 0.000000 253.394547 0.000000 0.274349 0.000000 0.961630 0.400000 0.400000 0.400000
186.438812 0.000000 353.306763 0.000000 0.197546 0.000000 -0.980294 0.400000 0.400000 0.400000
218.407562 0.000000 377.291138 0.000000 0.963470 0.000000 0.267816 0.400000 0.400000 0.400000
218.407562 0.000000 383.287231 0.000000 0.641858 0.000000 0.766823 0.400000 0.400000 0.400000
258.368500 0.000000 251.373184 0.000000 0.342143 0.000000 -0.939648 0.400000 0.400000 0.400000
258.368500 0.000000 257.369263 0.000000 0.495729 0.000000 0.868478 0.400000 0.400000 0.400000
258.368500 0.000000 263.365356 0.000000 0.989636 0.000000 0.143602 0.400000 0.400000 0.400000
306.321625 0.000000 275.357544 0.000000 0.407177 0.000000 0.913350 0.400000 0.400000 0.400000
314.313812 0.000000 269.361450 0.000000 0.626905 0.000000 -0.779096 0.400000 0.400000 0.400000
314.313812 0.000000 275.357544 0.000000 0.979308 0.000000 0.202378 0.400000 0.400000 0.400000
310.539337 0.000000 277.378906 0.000000 0.925359 0.000000 -0.379091 0.400000 0.400000 0.400000
314.313812 0.000000 281.353638 0.000000 0.996137 0.000000 0.087815 0.400000 0.400000 0.400000
322.306000 0.000000 281.353638 0.000000 0.805798 0.000000 0.592190 0.400000 0.400000 0.400000
210.415375 0.000000 407.271606 0.000000 0.468913 0.000000 -0.883244 0.400000 0.400000 0.400000
218.407562 0.000000 407.271606 0.000000 0.992350 0.000000 0.123457 0.400000 0.400000 0.400000
210.415375 0.000000 413.267700 0.000000 0.022247 0.000000 -0.999753 0.400000 0.400000 0.400000
214.633072 0.000000 409.292969 0.000000 0.506407 0.000000 0.862295 0.400000 0.400000 0.400000
214.633072 0.000000 415.289062 0.000000 0.574744 0.000000 0.818334 0.400000 0.400000 0.400000
218.407562 0.000000 413.267700 0.000000 0.543023 0.000000 -0.839718 0.400000 0.400000 0.400000
322.306000 0.000000 940.923950 0.000000 0.925670 0.000000 0.378333 0.400000 0.400000 0.400000
322.306000 0.000000 946.920044 0.000000 0.129718 0.000000 0.991551 0.400000 0.400000 0.400000
410.220062 0.000000 1234.732544 0.000000 0.849912 0.000000 -0.526925 0.400000 0.400000 0.400000
602.032593 0.000000 1330.670044 0.000000 0.998924 0.000000 -0.046371 0.400000 0.400000 0.400000
606.250244 0.000000 1332.691406 0.000000 0.133579 0.000000 0.991038 0.400000 0.400000 0.400000
618.016968 0.000000 1306.685669 0.000000 0.998435 0.000000 -0.055917 0.400000 0.400000 0.400000
618.016968 0.000000 1312.681763 0.000000 0.973045 0.000000 -0.230616 0.400000 0.400000 0.400000
610.024780 0.000000 1324.673950 0.000000 0.818342 0.000000 0.574731 0.400000 0.400000 0.400000
610.024780 0.000000 1330.670044 0.000000 0.543868 0.000000 0.839171 0.400000 0.400000 0.400000
618.016968 0.000000 1330.670044 0.000000 0.233987 0.000000 0.972240 0.400000 0.400000 0.400000
610.024780 0.000000 1336.666138 0.000000 0.717589 0.000000 -0.696466 0.400000 0.400000 0.400000
614.242432 0.000000 1332.691406 0.000000 0.806991 0.000000 0.590563 0.400000 0.400000 0.400000
586.048218 0.000000 1402.623169 0.000000 0.950779 0.000000 -0.309870 0.400000 0.400000 0.400000
586.048218 0.000000 1408.619263 0.000000 0.962422 0.000000 -0.271558 0.400000 0.400000 0.400000
590.265869 0.000000 1404.644531 0.000000 0.859411 0.000000 -0.511285 0.400000 0.400000 0.400000
586.048218 0.000000 1414.615356 0.000000 0.640294 0.000000 0.768130 0.400000 0.400000 0.400000
590.265869 0.000000 1410.640625 0.000000 0.066032 0.000000 0.997818 0.400000 0.400000 0.400000
594.040405 0.000000 1402.623169 0.000000 0.840618 0.000000 0.541629 0.400000 0.400000 0.400000
594.040405 0.000000 1408.619263 0.000000 0.683684 0.000000 -0.729778 0.400000 0.400000 0.400000
598.258057 0.000000 1404.644531 0.000000 0.879132 0.000000 0.476578 0.400000 0.400000 0.400000
594.040405 0.000000 1414.615356 0.000000 0.267476 0.000000 -0.963564 0.400000 0.400000 0.400000
598.258057 0.000000 1410.640625 0.000000 0.640409 0.000000 -0.768034 0.400000 0.400000 0.400000
592.843811 0.000000 1410.483398 0.000000 0.331665 0.000000 0.943397 0.400000 0.400000 0.400000
602.032593 0.000000 1408.619263 0.000000 0.596846 0.000000 -0.802356 0.400000 0.400000 0.400000
602.032593 0.000000 1414.615356 0.000000 0.796608 0.000000 -0.604496 0.400000 0.400000 0.400000
590.265869 0.000000 1416.636719 0.000000 0.545163 0.000000 -0.838330 0.400000 0.400000 0.400000
594.040405 0.000000 1420.611450 0.000000 0.852750 0.000000 -0.522319 0.400000 0.400000 0.400000
598.258057 0.000000 1416.636719 0.000000 0.795656 0.000000 -0.605749 0.400000 0.400000 0.400000
610.024780 0.000000 1426.607544 0.000000 0.415045 0.000000 -0.909801 0.400000 0.400000 0.400000
618.016968 0.000000 1426.607544 0.000000 0.051988 0.000000 -0.998648 0.400000 0.400000 0.400000
610.024780 0.000000 1432.603638 0.000000 0.274632 0.000000 -0.961549 0.400000 0.400000 0.400000
618.016968 0.000000 1432.603638 0.000000 0.725833 0.000000 -0.687871 0.400000 0.400000 0.400000
697.938843 0.000000 1366.646606 0.000000 0.250168 0.000000 -0.968202 0.400000 0.400000 0.400000
689.946655 0.000000 1378.638794 0.000000 0.969741 0.000000 0.244134 0.400000 0.400000 0.400000
697.938843 0.000000 1372.642700 0.000000 0.961290 0.000000 0.275539 0.400000 0.400000 0.400000
697.938843 0.000000 1378.638794 0.000000 0.854097 0.000000 -0.520113 0.400000 0.400000 0.400000
702.156494 0.000000 1374.664062 0.000000 0.348648 0.000000 0.937254 0.400000 0.400000 0.400000
689.946655 0.000000 1384.634888 0.000000 0.769464 0.000000 -0.638690 0.400000 0.400000 0.400000
689.946655 0.000000 1390.630981 0.000000 0.888414 0.000000 -0.459043 0.400000 0.400000 0.400000
694.164307 0.000000 1386.656250 0.000000 0.454282 0.000000 0.890858 0.400000 0.400000 0.400000
697.938843 0.000000 1384.634888 0.000000 0.998467 0.000000 0.055355 0.400000 0.400000 0.400000
702.156494 0.000000 1380.660156 0.000000 0.796095 0.000000 0.605172 0.400000 0.400000 0.400000
697.938843 0.000000 1390.630981 0.000000 0.983307 0.000000 0.181957 0.400000 0.400000 0.400000
702.156494 0.000000 1386.656250 0.000000 0.958415 0.000000 0.285379 0.400000 0.400000 0.400000
665.970093 0.000000 1420.611450 0.000000 0.810601 0.000000 -0.585598 0.400000 0.400000 0.400000
670.187744 0.000000 1416.636719 0.000000 0.668410 0.000000 -0.743793 0.400000 0.400000 0.400000
681.954468 0.000000 1396.627075 0.000000 0.894173 0.000000 0.447722 0.400000 0.400000 0.400000
681.954468 0.000000 1408.619263 0.000000 0.489770 0.000000 0.871852 0.400000 0.400000 0.400000
681.954468 0.000000 1414.615356 0.000000 0.418379 0.000000 0.908272 0.400000 0.400000 0.400000
689.946655 0.000000 1396.627075 0.000000 0.500567 0.000000 0.865698 0.400000 0.400000 0.400000
689.946655 0.000000 1402.623169 0.000000 0.581557 0.000000 0.813506 0.400000 0.400000 0.400000
697.938843 0.000000 1396.627075 0.000000 0.962168 0.000000 -0.272457 0.400000 0.400000 0.400000
697.938843 0.000000 1402.623169 0.000000 0.946837 0.000000 0.321714 0.400000 0.400000 0.400000
689.946655 0.000000 1408.619263 0.000000 0.231505 0.000000 0.972834 0.400000 0.400000 0.400000
689.946655 0.000000 1414.615356 0.000000 0.996750 0.000000 -0.080557 0.400000 0.400000 0.400000
697.938843 0.000000 1414.615356 0.000000 0.632392 0.000000 -0.774649 0.400000 0.400000 0.400000
686.172119 0.000000 1416.636719 0.000000 0.903391 0.000000 0.428818 0.400000 0.400000 0.400000
687.168823 0.000000 1419.615845 0.000000 0.978222 0.000000 0.207563 0.400000 0.400000 0.400000
687.168823 0.000000 1425.611938 0.000000 0.539380 0.000000 0.842063 0.400000 0.400000 0.400000
672.765686 0.000000 1428.471680 0.000000 0.998075 0.000000 -0.062012 0.400000 0.400000 0.400000
679.176636 0.000000 1431.608032 0.000000 0.089390 0.000000 -0.995997 0.400000 0.400000 0.400000
675.424988 0.000000 1429.710205 0.000000 0.573338 0.000000 -0.819319 0.400000 0.400000 0.400000
683.417175 0.000000 1429.710205 0.000000 0.878439 0.000000 -0.477854 0.400000 0.400000 0.400000
687.168823 0.000000 1437.604126 0.000000 0.251585 0.000000 0.967835 0.400000 0.400000 0.400000
688.750061 0.000000 1416.479492 0.000000 0.145309 0.000000 -0.989386 0.400000 0.400000 0.400000
694.164307 0.000000 1422.632812 0.000000 0.991184 0.000000 -0.132490 0.400000 0.400000 0.400000
688.750061 0.000000 1422.475586 0.000000 0.879271 0.000000 -0.476321 0.400000 0.400000 0.400000
697.938843 0.000000 1420.611450 0.000000 0.758416 0.000000 0.651771 0.400000 0.400000 0.400000
697.938843 0.000000 1426.607544 0.000000 0.985338 0.000000 -0.170613 0.400000 0.400000 0.400000
694.164307 0.000000 1428.628906 0.000000 0.786994 0.000000 0.616961 0.400000 0.400000 0.400000
691.409363 0.000000 1435.706299 0.000000 0.655133 0.000000 -0.755513 0.400000 0.400000 0.400000
697.938843 0.000000 1432.603638 0.000000 0.927069 0.000000 0.374891 0.400000 0.400000 0.400000
705.931030 0.000000 1366.646606 0.000000 0.329883 0.000000 0.944022 0.400000 0.400000 0.400000
713.923218 0.000000 1360.650513 0.000000 0.946958 0.000000 -0.321357 0.400000 0.400000 0.400000
721.915405 0.000000 1360.650513 0.000000 0.161725 0.000000 0.986836 0.400000 0.400000 0.400000
721.915405 0.000000 1366.646606 0.000000 0.929196 0.000000 0.369588 0.400000 0.400000 0.400000
729.907593 0.000000 1360.650513 0.000000 0.457884 0.000000 0.889012 0.400000 0.400000 0.400000
729.907593 0.000000 1366.646606 0.000000 0.887328 0.000000 -0.461139 0.400000 0.400000 0.400000
705.931030 0.000000 1372.642700 0.000000 0.070093 0.000000 -0.997540 0.400000 0.400000 0.400000
710.148682 0.000000 1368.667969 0.000000 0.431534 0.000000 -0.902096 0.400000 0.400000 0.400000
705.931030 0.000000 1378.638794 0.000000 0.648426 0.000000 0.761278 0.400000 0.400000 0.400000
710.148682 0.000000 1374.664062 0.000000 0.263744 0.000000 0.964593 0.400000 0.400000 0.400000
718.140869 0.000000 1368.667969 0.000000 0.466559 0.000000 -0.884490 0.400000 0.400000 0.400000
713.923218 0.000000 1378.638794 0.000000 0.488238 0.000000 0.872711 0.400000 0.400000 0.400000
718.140869 0.000000 1374.664062 0.000000 0.448015 0.000000 0.894026 0.400000 0.400000 0.400000
705.931030 0.000000 1384.634888 0.000000 0.634537 0.000000 0.772893 0.400000 0.400000 0.400000
710.148682 0.000000 1380.660156 0.000000 0.610200 0.000000 -0.792247 0.400000 0.400000 0.400000
705.931030 0.000000 1390.630981 0.000000 0.746908 0.000000 0.664928 0.400000 0.400000 0.400000
713.923218 0.000000 1384.634888 0.000000 0.968351 0.000000 0.249592 0.400000 0.400000 0.400000
713.923218 0.000000 1390.630981 0.000000 0.408844 0.000000 -0.912604 0.400000 0.400000 0.400000
721.915405 0.000000 1372.642700 0.000000 0.853895 0.000000 0.520445 0.400000 0.400000 0.400000
729.907593 0.000000 1372.642700 0.000000 0.580546 0.000000 -0.814227 0.400000 0.400000 0.400000
729.907593 0.000000 1378.638794 0.000000 0.896033 0.000000 -0.443988 0.400000 0.400000 0.400000
721.915405 0.000000 1384.634888 0.000000 0.066028 0.000000 -0.997818 0.400000 0.400000 0.400000
737.899780 0.000000 1366.646606 0.000000 0.434752 0.000000 -0.900550 0.400000 0.400000 0.400000
737.899780 0.000000 1372.642700 0.000000 0.460335 0.000000 -0.887745 0.400000 0.400000 0.400000
737.899780 0.000000 1378.638794 0.000000 0.597212 0.000000 -0.802083 0.400000 0.400000 0.400000
665.970093 0.000000 1444.595825 0.000000 0.941764 0.000000 0.336276 0.400000 0.400000 0.400000
686.172119 0.000000 1440.621094 0.000000 0.731820 0.000000 0.681498 0.400000 0.400000 0.400000
689.946655 0.000000 1444.595825 0.000000 0.936067 0.000000 0.351821 0.400000 0.400000 0.400000
694.164307 0.000000 1440.621094 0.000000 0.290814 0.000000 -0.956780 0.400000 0.400000 0.400000
697.938843 0.000000 1444.595825 0.000000 0.996200 0.000000 -0.087094 0.400000 0.400000 0.400000
889.751343 0.000000 1384.634888 0.000000 0.699195 0.000000 0.714931 0.400000 0.400000 0.400000
865.774780 0.000000 1408.619263 0.000000 0.981785 0.000000 -0.189995 0.400000 0.400000 0.400000
865.774780 0.000000 1414.615356 0.000000 0.942866 0.000000 0.333171 0.400000 0.400000 0.400000
873.766968 0.000000 1408.619263 0.000000 0.130017 0.000000 0.991512 0.400000 0.400000 0.400000
873.766968 0.000000 1414.615356 0.000000 0.867928 0.000000 0.496690 0.400000 0.400000 0.400000
897.743530 0.000000 1378.638794 0.000000 0.351552 0.000000 -0.936168 0.400000 0.400000 0.400000
897.743530 0.000000 1384.634888 0.000000 0.816450 0.000000 0.577416 0.400000 0.400000 0.400000
897.743530 0.000000 1390.630981 0.000000 0.997569 0.000000 0.069690 0.400000 0.400000 0.400000
905.735718 0.000000 1384.634888 0.000000 0.999304 0.000000 0.037302 0.400000 0.400000 0.400000
905.735718 0.000000 1390.630981 0.000000 0.999036 0.000000 -0.043895 0.400000 0.400000 0.400000
913.727905 0.000000 1390.630981 0.000000 0.007306 0.000000 -0.999973 0.400000 0.400000 0.400000
897.743530 0.000000 1396.627075 0.000000 0.991818 0.000000 0.127657 0.400000 0.400000 0.400000
901.961182 0.000000 1392.652344 0.000000 0.133869 0.000000 0.990999 0.400000 0.400000 0.400000
905.735718 0.000000 1396.627075 0.000000 0.252350 0.000000 0.967636 0.400000 0.400000 0.400000
909.953369 0.000000 1392.652344 0.000000 0.543742 0.000000 0.839252 0.400000 0.400000 0.400000
905.735718 0.000000 1402.623169 0.000000 0.995675 0.000000 -0.092906 0.400000 0.400000 0.400000
909.953369 0.000000 1398.648438 0.000000 0.013854 0.000000 -0.999904 0.400000 0.400000 0.400000
913.727905 0.000000 1396.627075 0.000000 0.883173 0.000000 -0.469047 0.400000 0.400000 0.400000
913.727905 0.000000 1402.623169 0.000000 0.956074 0.000000 -0.293125 0.400000 0.400000 0.400000
917.945557 0.000000 1398.648438 0.000000 0.994312 0.000000 -0.106509 0.400000 0.400000 0.400000
921.720093 0.000000 1396.627075 0.000000 0.469621 0.000000 0.882868 0.400000 0.400000 0.400000
921.720093 0.000000 1402.623169 0.000000 0.800732 0.000000 -0.599023 0.400000 0.400000 0.400000
897.743530 0.000000 1432.603638 0.000000 0.912770 0.000000 0.408473 0.400000 0.400000 0.400000
897.743530 0.000000 1438.599731 0.000000 0.994319 0.000000 -0.106444 0.400000 0.400000 0.400000
905.735718 0.000000 1432.603638 0.000000 0.794687 0.000000 -0.607019 0.400000 0.400000 0.400000
905.735718 0.000000 1438.599731 0.000000 0.311299 0.000000 -0.950312 0.400000 0.400000 0.400000
897.743530 0.000000 1444.595825 0.000000 0.986878 0.000000 -0.161470 0.400000 0.400000 0.400000
905.735718 0.000000 1444.595825 0.000000 0.549819 0.000000 0.835284 0.400000 0.400000 0.400000
913.727905 0.000000 1444.595825 0.000000 0.744825 0.000000 -0.667260 0.400000 0.400000 0.400000
921.720093 0.000000 1444.595825 0.000000 0.430839 0.000000 0.902429 0.400000 0.400000 0.400000
921.720093 0.000000 1450.591919 0.000000 0.068046 0.000000 0.997682 0.400000 0.400000 0.400000
929.712280 0.000000 1444.595825 0.000000 0.996570 0.000000 0.082748 0.400000 0.400000 0.400000
"}
