object={
	name="tree_jungle_01_d_generator_1_0"
	render_pass=Map
	clamp_to_water_level=no
	generated_content=yes
	layer="tree_high_layer"
	pdxmesh="tree_jungle_01_d_mesh"
	count=116
	transform="634.001343 0.000000 167.427872 0.000000 0.149126 0.000000 -0.988818 0.784592 0.784592 0.784592
638.218994 0.000000 163.453140 0.000000 0.851940 0.000000 -0.523639 0.761351 0.761351 0.761351
626.009155 0.000000 173.423965 0.000000 0.951741 0.000000 -0.306901 0.756425 0.756425 0.756425
630.226807 0.000000 169.449234 0.000000 0.532247 0.000000 0.846589 0.714085 0.714085 0.714085
634.001343 0.000000 173.423965 0.000000 0.834103 0.000000 0.551609 0.736872 0.736872 0.736872
638.218994 0.000000 169.449234 0.000000 0.553542 0.000000 -0.832821 0.783170 0.783170 0.783170
632.804749 0.000000 169.291931 0.000000 0.972281 0.000000 0.233816 0.741604 0.741604 0.741604
641.993530 0.000000 173.423965 0.000000 0.261607 0.000000 0.965175 0.730435 0.730435 0.730435
665.970093 0.000000 191.412247 0.000000 0.449326 0.000000 0.893368 0.725177 0.725177 0.725177
753.884155 0.000000 161.431778 0.000000 0.398745 0.000000 -0.917062 0.778252 0.778252 0.778252
753.884155 0.000000 167.427872 0.000000 0.998169 0.000000 0.060480 0.748754 0.748754 0.748754
750.109619 0.000000 169.449234 0.000000 0.991441 0.000000 -0.130554 0.753187 0.753187 0.753187
753.884155 0.000000 173.423965 0.000000 0.995980 0.000000 0.089575 0.748824 0.748824 0.748824
761.876343 0.000000 173.423965 0.000000 0.156009 0.000000 0.987756 0.731465 0.731465 0.731465
647.207886 0.000000 214.400955 0.000000 0.923514 0.000000 -0.383566 0.766216 0.766216 0.766216
649.985718 0.000000 215.396622 0.000000 0.885877 0.000000 -0.463920 0.768066 0.768066 0.768066
662.195557 0.000000 193.433609 0.000000 0.999922 0.000000 0.012524 0.749719 0.749719 0.749719
665.970093 0.000000 197.408340 0.000000 0.095730 0.000000 -0.995407 0.785902 0.785902 0.785902
670.187744 0.000000 193.433609 0.000000 0.987915 0.000000 -0.154997 0.753788 0.753788 0.753788
671.184448 0.000000 196.412674 0.000000 0.190141 0.000000 -0.981757 0.809408 0.809408 0.809408
670.187744 0.000000 199.429703 0.000000 0.324377 0.000000 -0.945928 0.798775 0.798775 0.798775
670.187744 0.000000 205.425797 0.000000 0.939017 0.000000 -0.343871 0.758545 0.758545 0.758545
646.211182 0.000000 217.417984 0.000000 0.537741 0.000000 -0.843110 0.781928 0.781928 0.781928
648.789124 0.000000 217.260681 0.000000 0.979289 0.000000 -0.202467 0.757635 0.757635 0.757635
673.962280 0.000000 197.408340 0.000000 0.883636 0.000000 0.468174 0.736316 0.736316 0.736316
673.962280 0.000000 203.404434 0.000000 0.874387 0.000000 0.485229 0.735771 0.735771 0.735771
672.765686 0.000000 199.272400 0.000000 0.144206 0.000000 -0.989548 0.795394 0.795394 0.795394
673.962280 0.000000 209.400528 0.000000 0.988973 0.000000 -0.148099 0.753062 0.753062 0.753062
673.962280 0.000000 215.396622 0.000000 0.997823 0.000000 -0.065956 0.750865 0.750865 0.750865
678.179932 0.000000 211.421890 0.000000 0.721360 0.000000 -0.692561 0.778649 0.778649 0.778649
681.954468 0.000000 209.400528 0.000000 0.362754 0.000000 -0.931885 0.788184 0.788184 0.788184
681.954468 0.000000 215.396622 0.000000 0.989985 0.000000 0.141175 0.746552 0.746552 0.746552
680.757874 0.000000 211.264587 0.000000 0.606914 0.000000 -0.794767 0.777521 0.777521 0.777521
678.179932 0.000000 217.417984 0.000000 0.968610 0.000000 -0.248585 0.756115 0.756115 0.756115
681.954468 0.000000 221.392715 0.000000 0.998415 0.000000 0.056277 0.748629 0.748629 0.748629
680.757874 0.000000 217.260681 0.000000 0.893399 0.000000 -0.449264 0.763959 0.763959 0.763959
702.156494 0.000000 223.414078 0.000000 0.187729 0.000000 0.982221 0.718949 0.718949 0.718949
697.938843 0.000000 233.384903 0.000000 0.606418 0.000000 0.795146 0.729345 0.729345 0.729345
713.923218 0.000000 215.396622 0.000000 0.842668 0.000000 -0.538434 0.758517 0.758517 0.758517
665.970093 0.000000 299.341919 0.000000 0.961308 0.000000 -0.275477 0.753658 0.753658 0.753658
665.970093 0.000000 311.334106 0.000000 0.766148 0.000000 0.642664 0.738238 0.738238 0.738238
641.993530 0.000000 323.326294 0.000000 0.834568 0.000000 -0.550904 0.757647 0.757647 0.757647
673.962280 0.000000 299.341919 0.000000 0.207574 0.000000 -0.978219 0.765298 0.765298 0.765298
697.938843 0.000000 299.341919 0.000000 0.884509 0.000000 0.466523 0.741821 0.741821 0.741821
703.153198 0.000000 298.346283 0.000000 0.840237 0.000000 0.542219 0.726393 0.726393 0.726393
694.164307 0.000000 301.363281 0.000000 0.940068 0.000000 -0.340988 0.761728 0.761728 0.761728
694.164307 0.000000 307.359375 0.000000 0.997733 0.000000 -0.067297 0.751513 0.751513 0.751513
697.938843 0.000000 305.338013 0.000000 0.168963 0.000000 0.985622 0.708027 0.708027 0.708027
702.156494 0.000000 301.363281 0.000000 0.986557 0.000000 -0.163417 0.756762 0.756762 0.756762
696.742249 0.000000 301.205994 0.000000 0.882117 0.000000 0.471030 0.735307 0.735307 0.735307
697.938843 0.000000 311.334106 0.000000 0.291654 0.000000 -0.956524 0.792966 0.792966 0.792966
702.156494 0.000000 307.359375 0.000000 0.606473 0.000000 -0.795104 0.774095 0.774095 0.774095
694.164307 0.000000 313.355469 0.000000 0.994923 0.000000 0.100643 0.747735 0.747735 0.747735
705.931030 0.000000 299.341919 0.000000 0.990218 0.000000 -0.139529 0.753407 0.753407 0.753407
705.931030 0.000000 305.338013 0.000000 0.746393 0.000000 -0.665505 0.762271 0.762271 0.762271
761.876343 0.000000 359.302856 0.000000 0.598651 0.000000 -0.801010 0.769134 0.769134 0.769134
737.899780 0.000000 365.298950 0.000000 0.024101 0.000000 0.999710 0.729728 0.729728 0.729728
737.899780 0.000000 371.295044 0.000000 0.724008 0.000000 0.689792 0.737172 0.737172 0.737172
761.876343 0.000000 371.295044 0.000000 0.807098 0.000000 -0.590418 0.761826 0.761826 0.761826
761.876343 0.000000 377.291138 0.000000 0.941144 0.000000 -0.338006 0.757747 0.757747 0.757747
766.093994 0.000000 379.312500 0.000000 0.803895 0.000000 0.594771 0.724954 0.724954 0.724954
777.860718 0.000000 173.423965 0.000000 0.328082 0.000000 -0.944649 0.773153 0.773153 0.773153
769.868530 0.000000 221.392715 0.000000 0.991248 0.000000 0.132015 0.746777 0.746777 0.746777
769.868530 0.000000 227.388809 0.000000 0.929217 0.000000 0.369536 0.743621 0.743621 0.743621
774.086182 0.000000 223.414078 0.000000 0.909461 0.000000 -0.415790 0.766058 0.766058 0.766058
768.671936 0.000000 223.256775 0.000000 0.112170 0.000000 0.993689 0.706309 0.706309 0.706309
775.082886 0.000000 226.393143 0.000000 0.319452 0.000000 -0.947603 0.798980 0.798980 0.798980
771.331238 0.000000 224.495316 0.000000 0.984573 0.000000 -0.174976 0.759880 0.759880 0.759880
777.860718 0.000000 227.388809 0.000000 0.500636 0.000000 -0.865658 0.763716 0.763716 0.763716
769.868530 0.000000 233.384903 0.000000 0.521358 0.000000 -0.853338 0.763400 0.763400 0.763400
774.086182 0.000000 229.410172 0.000000 0.203046 0.000000 -0.979169 0.788375 0.788375 0.788375
774.086182 0.000000 235.406265 0.000000 0.998405 0.000000 0.056466 0.747673 0.747673 0.747673
777.860718 0.000000 233.384903 0.000000 0.921633 0.000000 0.388062 0.743284 0.743284 0.743284
777.860718 0.000000 239.380997 0.000000 0.573662 0.000000 0.819092 0.726637 0.726637 0.726637
776.664124 0.000000 235.248962 0.000000 0.256646 0.000000 0.966505 0.710717 0.710717 0.710717
825.813843 0.000000 215.396622 0.000000 0.444504 0.000000 0.895777 0.733370 0.733370 0.733370
822.039307 0.000000 217.417984 0.000000 0.738683 0.000000 0.674053 0.734765 0.734765 0.734765
822.039307 0.000000 223.414078 0.000000 0.998522 0.000000 0.054345 0.748575 0.748575 0.748575
825.813843 0.000000 221.392715 0.000000 0.986847 0.000000 0.161657 0.747568 0.747568 0.747568
865.774780 0.000000 281.353638 0.000000 0.941442 0.000000 0.337176 0.741629 0.741629 0.741629
769.868530 0.000000 377.291138 0.000000 0.085695 0.000000 0.996321 0.727756 0.727756 0.727756
769.868530 0.000000 383.287231 0.000000 0.389956 0.000000 0.920833 0.706178 0.706178 0.706178
841.798218 0.000000 341.314575 0.000000 0.272780 0.000000 -0.962077 0.769391 0.769391 0.769391
766.093994 0.000000 385.308594 0.000000 0.788817 0.000000 0.614628 0.731409 0.731409 0.731409
769.868530 0.000000 389.283325 0.000000 0.874956 0.000000 0.484203 0.741482 0.741482 0.741482
768.671936 0.000000 385.151306 0.000000 0.544606 0.000000 0.838692 0.718332 0.718332 0.718332
774.086182 0.000000 391.304688 0.000000 0.751399 0.000000 0.659848 0.733809 0.733809 0.733809
777.860718 0.000000 395.279419 0.000000 0.890348 0.000000 0.455281 0.743805 0.743805 0.743805
774.086182 0.000000 397.300781 0.000000 0.177545 0.000000 0.984113 0.700468 0.700468 0.700468
774.086182 0.000000 403.296875 0.000000 0.180451 0.000000 0.983584 0.697971 0.697971 0.697971
777.860718 0.000000 401.275513 0.000000 0.589185 0.000000 0.807998 0.732385 0.732385 0.732385
777.860718 0.000000 407.271606 0.000000 0.995262 0.000000 0.097229 0.748724 0.748724 0.748724
774.086182 0.000000 409.292969 0.000000 0.876340 0.000000 -0.481693 0.761293 0.761293 0.761293
775.082886 0.000000 412.272064 0.000000 0.954516 0.000000 0.298161 0.737528 0.737528 0.737528
774.086182 0.000000 415.289062 0.000000 0.759091 0.000000 0.650984 0.728763 0.728763 0.728763
777.860718 0.000000 413.267700 0.000000 0.678453 0.000000 0.734644 0.725280 0.725280 0.725280
777.860718 0.000000 419.263794 0.000000 0.833373 0.000000 -0.552710 0.782895 0.782895 0.782895
776.664124 0.000000 415.131775 0.000000 0.718686 0.000000 0.695335 0.726965 0.726965 0.726965
783.075073 0.000000 418.268158 0.000000 0.944654 0.000000 -0.328069 0.763769 0.763769 0.763769
774.086182 0.000000 421.285156 0.000000 0.161490 0.000000 -0.986874 0.784287 0.784287 0.784287
782.078369 0.000000 421.285156 0.000000 0.936214 0.000000 0.351430 0.735208 0.735208 0.735208
776.664124 0.000000 421.127869 0.000000 0.964163 0.000000 0.265310 0.739441 0.739441 0.739441
782.078369 0.000000 427.281250 0.000000 0.530222 0.000000 0.847859 0.729158 0.729158 0.729158
785.852905 0.000000 419.263794 0.000000 0.983568 0.000000 -0.180536 0.756118 0.756118 0.756118
785.852905 0.000000 425.259888 0.000000 0.781526 0.000000 0.623872 0.736124 0.736124 0.736124
784.656311 0.000000 421.127869 0.000000 0.376966 0.000000 -0.926227 0.798784 0.798784 0.798784
785.852905 0.000000 431.255981 0.000000 0.962561 0.000000 -0.271064 0.757196 0.757196 0.757196
785.852905 0.000000 455.240356 0.000000 0.644690 0.000000 0.764444 0.735336 0.735336 0.735336
881.759155 0.000000 479.224731 0.000000 0.981553 0.000000 0.191192 0.746758 0.746758 0.746758
881.759155 0.000000 485.220825 0.000000 0.790487 0.000000 0.612479 0.726549 0.726549 0.726549
885.976807 0.000000 481.246094 0.000000 0.996634 0.000000 -0.081978 0.753381 0.753381 0.753381
880.562561 0.000000 481.088806 0.000000 0.904527 0.000000 -0.426417 0.766497 0.766497 0.766497
883.221863 0.000000 482.327362 0.000000 0.103510 0.000000 -0.994628 0.840652 0.840652 0.840652
885.976807 0.000000 487.242188 0.000000 0.574887 0.000000 -0.818233 0.778710 0.778710 0.778710
889.751343 0.000000 485.220825 0.000000 0.092426 0.000000 -0.995720 0.774911 0.774911 0.774911
889.751343 0.000000 491.216919 0.000000 0.349335 0.000000 -0.936998 0.765911 0.765911 0.765911
"}
