object={
	name="tree_palm_generator_1_0"
	render_pass=Map
	clamp_to_water_level=no
	generated_content=yes
	layer="tree_high_layer"
	pdxmesh="tree_palm_01_a_mesh"
	count=23
	transform="21.277643 0.000000 454.935242 0.000000 0.565830 0.000000 0.824522 0.590227 0.590227 0.590227
20.458097 0.000000 455.726074 0.000000 0.551380 0.000000 0.834254 0.588254 0.588254 0.588254
18.602879 0.000000 791.021606 0.000000 0.256681 0.000000 0.966496 0.678002 0.678002 0.678002
26.595066 0.000000 791.021606 0.000000 0.613535 0.000000 0.789667 0.679638 0.679638 0.679638
22.820574 0.000000 793.042969 0.000000 0.996185 0.000000 0.087268 0.698045 0.698045 0.698045
30.812761 0.000000 793.042969 0.000000 0.837707 0.000000 0.546120 0.691115 0.691115 0.691115
25.398510 0.000000 792.885681 0.000000 0.895380 0.000000 0.445303 0.689676 0.689676 0.689676
26.595066 0.000000 994.888794 0.000000 0.999715 0.000000 0.023858 0.699733 0.699733 0.699733
26.595066 0.000000 1000.884888 0.000000 0.605580 0.000000 -0.795785 0.728306 0.728306 0.728306
30.812761 0.000000 996.910156 0.000000 0.616498 0.000000 0.787357 0.683524 0.683524 0.683524
26.595066 0.000000 1006.880981 0.000000 0.088067 0.000000 0.996115 0.675126 0.675126 0.675126
14.828386 0.000000 1014.898438 0.000000 0.808964 0.000000 0.587858 0.686822 0.686822 0.686822
18.602879 0.000000 1012.877075 0.000000 0.483934 0.000000 0.875104 0.664244 0.664244 0.664244
23.817247 0.000000 1011.881409 0.000000 0.321567 0.000000 -0.946887 0.736506 0.736506 0.736506
18.602879 0.000000 1018.873169 0.000000 0.859034 0.000000 -0.511918 0.710519 0.710519 0.710519
22.820574 0.000000 1014.898438 0.000000 0.827371 0.000000 -0.561656 0.736687 0.736687 0.736687
17.406322 0.000000 1014.741150 0.000000 0.523213 0.000000 -0.852202 0.729952 0.729952 0.729952
23.817247 0.000000 1017.877502 0.000000 0.647347 0.000000 -0.762195 0.748468 0.748468 0.748468
20.065599 0.000000 1015.979675 0.000000 0.645164 0.000000 0.764044 0.647725 0.647725 0.647725
26.595066 0.000000 1012.877075 0.000000 0.369534 0.000000 0.929217 0.664995 0.664995 0.664995
26.595066 0.000000 1018.873169 0.000000 0.638777 0.000000 -0.769392 0.711046 0.711046 0.711046
25.398510 0.000000 1014.741150 0.000000 0.996561 0.000000 0.082857 0.695361 0.695361 0.695361
24.093981 0.000000 1017.542053 0.000000 0.813548 0.000000 0.581498 0.669634 0.669634 0.669634
"}
