object={
	name="tree_pine_impassable_01_a_generator_1_0"
	render_pass=Map
	clamp_to_water_level=no
	generated_content=yes
	layer="tree_high_layer"
	pdxmesh="tree_pine_impassable_01_a_mesh"
	count=774
	transform="122.501320 0.000000 5.533335 0.000000 0.239028 0.000000 -0.971013 0.400000 0.400000 0.400000
122.501320 0.000000 11.529428 0.000000 0.652484 0.000000 -0.757802 0.400000 0.400000 0.400000
10.610692 0.000000 149.439590 0.000000 0.510361 0.000000 -0.859960 0.400000 0.400000 0.400000
10.610692 0.000000 155.435684 0.000000 0.564018 0.000000 0.825762 0.400000 0.400000 0.400000
14.828386 0.000000 151.460953 0.000000 0.992360 0.000000 -0.123379 0.400000 0.400000 0.400000
10.610692 0.000000 161.431778 0.000000 0.336093 0.000000 0.941829 0.400000 0.400000 0.400000
14.828386 0.000000 157.457047 0.000000 0.923741 0.000000 0.383018 0.400000 0.400000 0.400000
10.610692 0.000000 167.427872 0.000000 0.565098 0.000000 0.825024 0.400000 0.400000 0.400000
18.602879 0.000000 167.427872 0.000000 0.987622 0.000000 -0.156855 0.400000 0.400000 0.400000
10.610692 0.000000 173.423965 0.000000 0.989689 0.000000 -0.143231 0.400000 0.400000 0.400000
10.610692 0.000000 179.420059 0.000000 0.888835 0.000000 -0.458227 0.400000 0.400000 0.400000
130.493500 0.000000 5.533335 0.000000 0.049909 0.000000 0.998754 0.400000 0.400000 0.400000
130.493500 0.000000 11.529428 0.000000 0.977733 0.000000 -0.209853 0.400000 0.400000 0.400000
66.556007 0.000000 287.349731 0.000000 0.364360 0.000000 -0.931258 0.400000 0.400000 0.400000
74.548195 0.000000 281.353638 0.000000 0.868735 0.000000 -0.495278 0.400000 0.400000 0.400000
74.548195 0.000000 287.349731 0.000000 0.035128 0.000000 0.999383 0.400000 0.400000 0.400000
78.765884 0.000000 283.375000 0.000000 0.962561 0.000000 -0.271064 0.400000 0.400000 0.400000
82.540382 0.000000 275.357544 0.000000 0.981890 0.000000 0.189453 0.400000 0.400000 0.400000
90.532570 0.000000 275.357544 0.000000 0.983049 0.000000 -0.183343 0.400000 0.400000 0.400000
82.540382 0.000000 281.353638 0.000000 0.455325 0.000000 -0.890325 0.400000 0.400000 0.400000
82.540382 0.000000 287.349731 0.000000 0.075867 0.000000 0.997118 0.400000 0.400000 0.400000
86.758072 0.000000 283.375000 0.000000 0.927478 0.000000 0.373878 0.400000 0.400000 0.400000
90.532570 0.000000 281.353638 0.000000 0.517152 0.000000 -0.855894 0.400000 0.400000 0.400000
90.532570 0.000000 287.349731 0.000000 0.769008 0.000000 -0.639239 0.400000 0.400000 0.400000
98.524757 0.000000 281.353638 0.000000 0.745101 0.000000 -0.666952 0.400000 0.400000 0.400000
98.524757 0.000000 287.349731 0.000000 0.324799 0.000000 -0.945783 0.400000 0.400000 0.400000
66.556007 0.000000 293.345825 0.000000 0.957478 0.000000 0.288508 0.400000 0.400000 0.400000
74.548195 0.000000 293.345825 0.000000 0.581209 0.000000 0.813754 0.400000 0.400000 0.400000
78.765884 0.000000 289.371094 0.000000 0.018945 0.000000 -0.999821 0.400000 0.400000 0.400000
74.548195 0.000000 299.341919 0.000000 0.701945 0.000000 -0.712232 0.400000 0.400000 0.400000
78.765884 0.000000 295.367188 0.000000 0.941730 0.000000 -0.336370 0.400000 0.400000 0.400000
82.540382 0.000000 293.345825 0.000000 0.845532 0.000000 -0.533925 0.400000 0.400000 0.400000
86.758072 0.000000 289.371094 0.000000 0.332938 0.000000 0.942949 0.400000 0.400000 0.400000
82.540382 0.000000 299.341919 0.000000 0.590982 0.000000 -0.806685 0.400000 0.400000 0.400000
86.758072 0.000000 295.367188 0.000000 0.788682 0.000000 -0.614801 0.400000 0.400000 0.400000
90.532570 0.000000 293.345825 0.000000 0.338858 0.000000 0.940837 0.400000 0.400000 0.400000
90.532570 0.000000 299.341919 0.000000 0.300776 0.000000 -0.953695 0.400000 0.400000 0.400000
94.750259 0.000000 295.367188 0.000000 0.484529 0.000000 -0.874775 0.400000 0.400000 0.400000
82.540382 0.000000 305.338013 0.000000 0.389132 0.000000 -0.921182 0.400000 0.400000 0.400000
86.758072 0.000000 301.363281 0.000000 0.147781 0.000000 -0.989020 0.400000 0.400000 0.400000
82.540382 0.000000 311.334106 0.000000 0.984946 0.000000 -0.172860 0.400000 0.400000 0.400000
82.540382 0.000000 317.330200 0.000000 0.050629 0.000000 0.998718 0.400000 0.400000 0.400000
86.758072 0.000000 313.355469 0.000000 0.853102 0.000000 0.521744 0.400000 0.400000 0.400000
82.540382 0.000000 323.326294 0.000000 0.133558 0.000000 0.991041 0.400000 0.400000 0.400000
86.758072 0.000000 319.351562 0.000000 0.921200 0.000000 0.389090 0.400000 0.400000 0.400000
90.532570 0.000000 317.330200 0.000000 0.722326 0.000000 0.691553 0.400000 0.400000 0.400000
90.532570 0.000000 323.326294 0.000000 0.369863 0.000000 -0.929086 0.400000 0.400000 0.400000
94.750259 0.000000 319.351562 0.000000 0.775030 0.000000 -0.631925 0.400000 0.400000 0.400000
90.532570 0.000000 329.322388 0.000000 0.808266 0.000000 -0.588817 0.400000 0.400000 0.400000
94.750259 0.000000 325.347656 0.000000 0.928905 0.000000 -0.370317 0.400000 0.400000 0.400000
98.524757 0.000000 293.345825 0.000000 0.540529 0.000000 -0.841325 0.400000 0.400000 0.400000
98.524757 0.000000 299.341919 0.000000 0.928128 0.000000 0.372261 0.400000 0.400000 0.400000
98.524757 0.000000 317.330200 0.000000 0.975802 0.000000 0.218657 0.400000 0.400000 0.400000
98.524757 0.000000 323.326294 0.000000 0.996210 0.000000 0.086980 0.400000 0.400000 0.400000
106.516945 0.000000 317.330200 0.000000 0.017439 0.000000 0.999848 0.400000 0.400000 0.400000
106.516945 0.000000 323.326294 0.000000 0.865362 0.000000 0.501148 0.400000 0.400000 0.400000
98.524757 0.000000 329.322388 0.000000 0.898497 0.000000 -0.438979 0.400000 0.400000 0.400000
102.742447 0.000000 325.347656 0.000000 0.984735 0.000000 -0.174059 0.400000 0.400000 0.400000
98.524757 0.000000 335.318481 0.000000 0.176361 0.000000 0.984325 0.400000 0.400000 0.400000
102.742447 0.000000 331.343750 0.000000 0.209204 0.000000 0.977872 0.400000 0.400000 0.400000
106.516945 0.000000 329.322388 0.000000 0.658819 0.000000 -0.752301 0.400000 0.400000 0.400000
110.734634 0.000000 325.347656 0.000000 0.464229 0.000000 -0.885715 0.400000 0.400000 0.400000
114.509132 0.000000 323.326294 0.000000 0.734088 0.000000 -0.679054 0.400000 0.400000 0.400000
114.509132 0.000000 329.322388 0.000000 0.393296 0.000000 -0.919412 0.400000 0.400000 0.400000
122.501320 0.000000 335.318481 0.000000 0.635265 0.000000 0.772294 0.400000 0.400000 0.400000
106.516945 0.000000 347.310669 0.000000 0.630238 0.000000 0.776402 0.400000 0.400000 0.400000
106.516945 0.000000 353.306763 0.000000 0.637582 0.000000 -0.770382 0.400000 0.400000 0.400000
110.734634 0.000000 349.332031 0.000000 0.697800 0.000000 -0.716293 0.400000 0.400000 0.400000
106.516945 0.000000 359.302856 0.000000 0.383035 0.000000 -0.923734 0.400000 0.400000 0.400000
110.734634 0.000000 355.328125 0.000000 0.457309 0.000000 -0.889308 0.400000 0.400000 0.400000
114.509132 0.000000 341.314575 0.000000 0.965348 0.000000 -0.260965 0.400000 0.400000 0.400000
114.509132 0.000000 347.310669 0.000000 0.380957 0.000000 0.924593 0.400000 0.400000 0.400000
118.726822 0.000000 343.335938 0.000000 0.555763 0.000000 -0.831341 0.400000 0.400000 0.400000
122.501320 0.000000 341.314575 0.000000 0.977497 0.000000 0.210948 0.400000 0.400000 0.400000
122.501320 0.000000 347.310669 0.000000 0.544454 0.000000 -0.838790 0.400000 0.400000 0.400000
114.509132 0.000000 353.306763 0.000000 0.999616 0.000000 -0.027721 0.400000 0.400000 0.400000
118.726822 0.000000 349.332031 0.000000 0.357798 0.000000 -0.933799 0.400000 0.400000 0.400000
114.509132 0.000000 359.302856 0.000000 0.198299 0.000000 0.980142 0.400000 0.400000 0.400000
118.726822 0.000000 355.328125 0.000000 0.991774 0.000000 -0.128001 0.400000 0.400000 0.400000
122.501320 0.000000 353.306763 0.000000 0.744642 0.000000 -0.667464 0.400000 0.400000 0.400000
122.501320 0.000000 359.302856 0.000000 0.167136 0.000000 0.985934 0.400000 0.400000 0.400000
114.509132 0.000000 365.298950 0.000000 0.473139 0.000000 -0.880988 0.400000 0.400000 0.400000
130.493500 0.000000 347.310669 0.000000 0.901560 0.000000 -0.432654 0.400000 0.400000 0.400000
18.602879 0.000000 503.209106 0.000000 0.996441 0.000000 0.084292 0.400000 0.400000 0.400000
26.595066 0.000000 503.209106 0.000000 0.763314 0.000000 -0.646028 0.400000 0.400000 0.400000
10.610692 0.000000 509.205200 0.000000 0.060765 0.000000 -0.998152 0.400000 0.400000 0.400000
10.610692 0.000000 515.201294 0.000000 0.969399 0.000000 0.245491 0.400000 0.400000 0.400000
2.618504 0.000000 521.197388 0.000000 0.584444 0.000000 0.811434 0.400000 0.400000 0.400000
2.618504 0.000000 527.193481 0.000000 0.742445 0.000000 -0.669907 0.400000 0.400000 0.400000
10.610692 0.000000 521.197388 0.000000 0.291056 0.000000 -0.956706 0.400000 0.400000 0.400000
10.610692 0.000000 527.193481 0.000000 0.870125 0.000000 0.492831 0.400000 0.400000 0.400000
18.602879 0.000000 509.205200 0.000000 0.736849 0.000000 -0.676057 0.400000 0.400000 0.400000
18.602879 0.000000 515.201294 0.000000 0.468037 0.000000 0.883709 0.400000 0.400000 0.400000
26.595066 0.000000 509.205200 0.000000 0.833774 0.000000 0.552105 0.400000 0.400000 0.400000
26.595066 0.000000 515.201294 0.000000 0.842495 0.000000 -0.538705 0.400000 0.400000 0.400000
18.602879 0.000000 521.197388 0.000000 0.962616 0.000000 0.270871 0.400000 0.400000 0.400000
18.602879 0.000000 527.193481 0.000000 0.013469 0.000000 -0.999909 0.400000 0.400000 0.400000
26.595066 0.000000 521.197388 0.000000 0.715137 0.000000 -0.698984 0.400000 0.400000 0.400000
26.595066 0.000000 527.193481 0.000000 0.910755 0.000000 0.412947 0.400000 0.400000 0.400000
34.587254 0.000000 503.209106 0.000000 0.939816 0.000000 -0.341680 0.400000 0.400000 0.400000
34.587254 0.000000 509.205200 0.000000 0.914902 0.000000 -0.403676 0.400000 0.400000 0.400000
34.587254 0.000000 515.201294 0.000000 0.773585 0.000000 -0.633693 0.400000 0.400000 0.400000
42.579441 0.000000 509.205200 0.000000 0.281495 0.000000 -0.959563 0.400000 0.400000 0.400000
42.579441 0.000000 515.201294 0.000000 0.671702 0.000000 -0.740822 0.400000 0.400000 0.400000
34.587254 0.000000 521.197388 0.000000 0.918468 0.000000 0.395496 0.400000 0.400000 0.400000
34.587254 0.000000 527.193481 0.000000 0.927358 0.000000 0.374175 0.400000 0.400000 0.400000
42.579441 0.000000 527.193481 0.000000 0.717579 0.000000 -0.696477 0.400000 0.400000 0.400000
50.571629 0.000000 509.205200 0.000000 0.417835 0.000000 -0.908523 0.400000 0.400000 0.400000
50.571629 0.000000 515.201294 0.000000 0.950279 0.000000 -0.311401 0.400000 0.400000 0.400000
58.563816 0.000000 509.205200 0.000000 0.942212 0.000000 -0.335017 0.400000 0.400000 0.400000
58.563816 0.000000 515.201294 0.000000 0.132054 0.000000 -0.991243 0.400000 0.400000 0.400000
58.563816 0.000000 521.197388 0.000000 0.325045 0.000000 -0.945699 0.400000 0.400000 0.400000
62.781513 0.000000 517.222656 0.000000 0.549791 0.000000 -0.835302 0.400000 0.400000 0.400000
58.563816 0.000000 527.193481 0.000000 0.878853 0.000000 -0.477092 0.400000 0.400000 0.400000
62.781513 0.000000 523.218750 0.000000 0.977433 0.000000 0.211247 0.400000 0.400000 0.400000
2.618504 0.000000 533.189575 0.000000 0.998995 0.000000 0.044828 0.400000 0.400000 0.400000
2.618504 0.000000 539.185669 0.000000 0.961851 0.000000 -0.273574 0.400000 0.400000 0.400000
10.610692 0.000000 533.189575 0.000000 0.561568 0.000000 0.827430 0.400000 0.400000 0.400000
10.610692 0.000000 539.185669 0.000000 0.222504 0.000000 0.974932 0.400000 0.400000 0.400000
14.828386 0.000000 535.210938 0.000000 0.496155 0.000000 -0.868234 0.400000 0.400000 0.400000
2.618504 0.000000 545.181763 0.000000 0.882448 0.000000 0.470409 0.400000 0.400000 0.400000
2.618504 0.000000 551.177856 0.000000 0.999983 0.000000 0.005866 0.400000 0.400000 0.400000
10.610692 0.000000 545.181763 0.000000 0.417515 0.000000 0.908670 0.400000 0.400000 0.400000
14.828386 0.000000 541.207031 0.000000 0.877162 0.000000 -0.480194 0.400000 0.400000 0.400000
10.610692 0.000000 551.177856 0.000000 0.211135 0.000000 0.977457 0.400000 0.400000 0.400000
18.602879 0.000000 533.189575 0.000000 0.718098 0.000000 -0.695942 0.400000 0.400000 0.400000
18.602879 0.000000 539.185669 0.000000 0.946361 0.000000 -0.323110 0.400000 0.400000 0.400000
26.595066 0.000000 533.189575 0.000000 0.824127 0.000000 -0.566406 0.400000 0.400000 0.400000
26.595066 0.000000 539.185669 0.000000 0.952724 0.000000 0.303839 0.400000 0.400000 0.400000
18.602879 0.000000 545.181763 0.000000 0.793219 0.000000 0.608936 0.400000 0.400000 0.400000
18.602879 0.000000 551.177856 0.000000 0.554854 0.000000 -0.831948 0.400000 0.400000 0.400000
26.595066 0.000000 545.181763 0.000000 0.316929 0.000000 -0.948449 0.400000 0.400000 0.400000
26.595066 0.000000 551.177856 0.000000 0.893712 0.000000 -0.448640 0.400000 0.400000 0.400000
30.812761 0.000000 547.203125 0.000000 0.998009 0.000000 -0.063070 0.400000 0.400000 0.400000
2.618504 0.000000 557.173950 0.000000 0.968729 0.000000 -0.248122 0.400000 0.400000 0.400000
2.618504 0.000000 563.170044 0.000000 0.459465 0.000000 -0.888196 0.400000 0.400000 0.400000
10.610692 0.000000 557.173950 0.000000 0.443266 0.000000 0.896390 0.400000 0.400000 0.400000
14.828386 0.000000 553.199219 0.000000 0.726020 0.000000 -0.687674 0.400000 0.400000 0.400000
10.610692 0.000000 563.170044 0.000000 0.236503 0.000000 0.971631 0.400000 0.400000 0.400000
14.828386 0.000000 559.195312 0.000000 0.059455 0.000000 -0.998231 0.400000 0.400000 0.400000
2.618504 0.000000 569.166138 0.000000 0.956287 0.000000 -0.292428 0.400000 0.400000 0.400000
2.618504 0.000000 575.162231 0.000000 0.953716 0.000000 -0.300708 0.400000 0.400000 0.400000
10.610692 0.000000 569.166138 0.000000 0.940645 0.000000 -0.339393 0.400000 0.400000 0.400000
14.828386 0.000000 565.191406 0.000000 0.493321 0.000000 -0.869847 0.400000 0.400000 0.400000
10.610692 0.000000 575.162231 0.000000 0.890206 0.000000 -0.455559 0.400000 0.400000 0.400000
14.828386 0.000000 571.187500 0.000000 0.813254 0.000000 -0.581909 0.400000 0.400000 0.400000
18.602879 0.000000 557.173950 0.000000 0.920276 0.000000 0.391270 0.400000 0.400000 0.400000
18.602879 0.000000 563.170044 0.000000 0.894705 0.000000 0.446658 0.400000 0.400000 0.400000
22.820574 0.000000 559.195312 0.000000 0.999840 0.000000 -0.017869 0.400000 0.400000 0.400000
26.595066 0.000000 557.173950 0.000000 0.176961 0.000000 0.984218 0.400000 0.400000 0.400000
30.812761 0.000000 553.199219 0.000000 0.144447 0.000000 0.989513 0.400000 0.400000 0.400000
26.595066 0.000000 563.170044 0.000000 0.813508 0.000000 0.581554 0.400000 0.400000 0.400000
30.812761 0.000000 559.195312 0.000000 0.019010 0.000000 -0.999819 0.400000 0.400000 0.400000
18.602879 0.000000 569.166138 0.000000 0.753437 0.000000 0.657520 0.400000 0.400000 0.400000
22.820574 0.000000 565.191406 0.000000 0.042711 0.000000 -0.999087 0.400000 0.400000 0.400000
18.602879 0.000000 575.162231 0.000000 0.595849 0.000000 -0.803096 0.400000 0.400000 0.400000
22.820574 0.000000 571.187500 0.000000 0.449442 0.000000 -0.893309 0.400000 0.400000 0.400000
26.595066 0.000000 569.166138 0.000000 0.521073 0.000000 0.853512 0.400000 0.400000 0.400000
26.595066 0.000000 575.162231 0.000000 0.451577 0.000000 0.892232 0.400000 0.400000 0.400000
34.587254 0.000000 533.189575 0.000000 0.355011 0.000000 0.934862 0.400000 0.400000 0.400000
34.587254 0.000000 539.185669 0.000000 0.924139 0.000000 0.382055 0.400000 0.400000 0.400000
42.579441 0.000000 533.189575 0.000000 0.906114 0.000000 0.423033 0.400000 0.400000 0.400000
46.797138 0.000000 529.214844 0.000000 0.489539 0.000000 0.871981 0.400000 0.400000 0.400000
42.579441 0.000000 539.185669 0.000000 0.962368 0.000000 0.271749 0.400000 0.400000 0.400000
46.797138 0.000000 535.210938 0.000000 0.815251 0.000000 0.579107 0.400000 0.400000 0.400000
34.587254 0.000000 545.181763 0.000000 0.452156 0.000000 -0.891939 0.400000 0.400000 0.400000
38.804951 0.000000 541.207031 0.000000 0.742307 0.000000 -0.670059 0.400000 0.400000 0.400000
34.587254 0.000000 551.177856 0.000000 0.725663 0.000000 -0.688050 0.400000 0.400000 0.400000
38.804951 0.000000 547.203125 0.000000 0.999923 0.000000 -0.012396 0.400000 0.400000 0.400000
42.579441 0.000000 545.181763 0.000000 0.555033 0.000000 0.831829 0.400000 0.400000 0.400000
46.797138 0.000000 541.207031 0.000000 0.268959 0.000000 0.963152 0.400000 0.400000 0.400000
42.579441 0.000000 551.177856 0.000000 0.994760 0.000000 -0.102235 0.400000 0.400000 0.400000
46.797138 0.000000 547.203125 0.000000 0.813743 0.000000 0.581224 0.400000 0.400000 0.400000
50.571629 0.000000 533.189575 0.000000 0.308266 0.000000 0.951300 0.400000 0.400000 0.400000
54.789326 0.000000 529.214844 0.000000 0.627535 0.000000 -0.778589 0.400000 0.400000 0.400000
50.571629 0.000000 539.185669 0.000000 0.567532 0.000000 0.823351 0.400000 0.400000 0.400000
54.789326 0.000000 535.210938 0.000000 0.037940 0.000000 -0.999280 0.400000 0.400000 0.400000
58.563816 0.000000 533.189575 0.000000 0.633335 0.000000 -0.773878 0.400000 0.400000 0.400000
62.781513 0.000000 529.214844 0.000000 0.746066 0.000000 0.665872 0.400000 0.400000 0.400000
57.367260 0.000000 529.057556 0.000000 0.970844 0.000000 0.239710 0.400000 0.400000 0.400000
58.563816 0.000000 539.185669 0.000000 0.757209 0.000000 -0.653173 0.400000 0.400000 0.400000
62.781513 0.000000 535.210938 0.000000 0.586341 0.000000 -0.810065 0.400000 0.400000 0.400000
57.367260 0.000000 535.053650 0.000000 0.987773 0.000000 -0.155896 0.400000 0.400000 0.400000
50.571629 0.000000 545.181763 0.000000 0.762005 0.000000 0.647571 0.400000 0.400000 0.400000
54.789326 0.000000 541.207031 0.000000 0.324872 0.000000 0.945758 0.400000 0.400000 0.400000
50.571629 0.000000 551.177856 0.000000 0.338861 0.000000 0.940836 0.400000 0.400000 0.400000
54.789326 0.000000 547.203125 0.000000 0.613999 0.000000 -0.789307 0.400000 0.400000 0.400000
58.563816 0.000000 545.181763 0.000000 0.753164 0.000000 0.657833 0.400000 0.400000 0.400000
62.781513 0.000000 541.207031 0.000000 0.878424 0.000000 0.477881 0.400000 0.400000 0.400000
57.367260 0.000000 541.049744 0.000000 0.361965 0.000000 -0.932192 0.400000 0.400000 0.400000
58.563816 0.000000 551.177856 0.000000 0.729626 0.000000 0.683846 0.400000 0.400000 0.400000
62.781513 0.000000 547.203125 0.000000 0.756613 0.000000 0.653862 0.400000 0.400000 0.400000
34.587254 0.000000 557.173950 0.000000 0.926623 0.000000 0.375992 0.400000 0.400000 0.400000
38.804951 0.000000 553.199219 0.000000 0.851449 0.000000 0.524438 0.400000 0.400000 0.400000
34.587254 0.000000 563.170044 0.000000 0.215933 0.000000 -0.976408 0.400000 0.400000 0.400000
38.804951 0.000000 559.195312 0.000000 0.962530 0.000000 0.271174 0.400000 0.400000 0.400000
42.579441 0.000000 557.173950 0.000000 0.724820 0.000000 0.688938 0.400000 0.400000 0.400000
46.797138 0.000000 553.199219 0.000000 0.406789 0.000000 0.913522 0.400000 0.400000 0.400000
42.579441 0.000000 563.170044 0.000000 0.969816 0.000000 0.243838 0.400000 0.400000 0.400000
46.797138 0.000000 559.195312 0.000000 0.962118 0.000000 0.272633 0.400000 0.400000 0.400000
34.587254 0.000000 569.166138 0.000000 0.266470 0.000000 -0.963843 0.400000 0.400000 0.400000
38.804951 0.000000 565.191406 0.000000 0.268391 0.000000 -0.963310 0.400000 0.400000 0.400000
34.587254 0.000000 575.162231 0.000000 0.771513 0.000000 0.636214 0.400000 0.400000 0.400000
42.579441 0.000000 569.166138 0.000000 0.623231 0.000000 -0.782038 0.400000 0.400000 0.400000
46.797138 0.000000 565.191406 0.000000 0.986614 0.000000 -0.163071 0.400000 0.400000 0.400000
42.579441 0.000000 575.162231 0.000000 0.395882 0.000000 0.918301 0.400000 0.400000 0.400000
50.571629 0.000000 557.173950 0.000000 0.207131 0.000000 0.978313 0.400000 0.400000 0.400000
54.789326 0.000000 553.199219 0.000000 0.997144 0.000000 -0.075520 0.400000 0.400000 0.400000
50.571629 0.000000 563.170044 0.000000 0.565523 0.000000 -0.824733 0.400000 0.400000 0.400000
54.789326 0.000000 559.195312 0.000000 0.188100 0.000000 -0.982150 0.400000 0.400000 0.400000
58.563816 0.000000 557.173950 0.000000 0.123262 0.000000 0.992374 0.400000 0.400000 0.400000
62.781513 0.000000 553.199219 0.000000 0.999115 0.000000 -0.042056 0.400000 0.400000 0.400000
58.563816 0.000000 563.170044 0.000000 0.918751 0.000000 -0.394837 0.400000 0.400000 0.400000
62.781513 0.000000 559.195312 0.000000 0.710560 0.000000 -0.703637 0.400000 0.400000 0.400000
50.571629 0.000000 569.166138 0.000000 0.375577 0.000000 -0.926791 0.400000 0.400000 0.400000
54.789326 0.000000 565.191406 0.000000 0.308616 0.000000 0.951187 0.400000 0.400000 0.400000
50.571629 0.000000 575.162231 0.000000 0.979905 0.000000 -0.199465 0.400000 0.400000 0.400000
58.563816 0.000000 569.166138 0.000000 0.989072 0.000000 0.147433 0.400000 0.400000 0.400000
58.563816 0.000000 575.162231 0.000000 0.179866 0.000000 -0.983691 0.400000 0.400000 0.400000
74.548195 0.000000 503.209106 0.000000 0.855002 0.000000 -0.518624 0.400000 0.400000 0.400000
82.540382 0.000000 497.213013 0.000000 0.267339 0.000000 0.963602 0.400000 0.400000 0.400000
82.540382 0.000000 503.209106 0.000000 0.775747 0.000000 -0.631044 0.400000 0.400000 0.400000
90.532570 0.000000 497.213013 0.000000 0.952671 0.000000 0.304002 0.400000 0.400000 0.400000
90.532570 0.000000 503.209106 0.000000 0.828028 0.000000 -0.560687 0.400000 0.400000 0.400000
94.750259 0.000000 499.234375 0.000000 0.375681 0.000000 -0.926749 0.400000 0.400000 0.400000
66.556007 0.000000 509.205200 0.000000 0.848218 0.000000 -0.529648 0.400000 0.400000 0.400000
66.556007 0.000000 515.201294 0.000000 0.991143 0.000000 -0.132801 0.400000 0.400000 0.400000
74.548195 0.000000 509.205200 0.000000 0.048672 0.000000 -0.998815 0.400000 0.400000 0.400000
74.548195 0.000000 515.201294 0.000000 0.841868 0.000000 0.539683 0.400000 0.400000 0.400000
78.765884 0.000000 511.226562 0.000000 0.650824 0.000000 0.759228 0.400000 0.400000 0.400000
66.556007 0.000000 521.197388 0.000000 0.690394 0.000000 0.723434 0.400000 0.400000 0.400000
70.773697 0.000000 517.222656 0.000000 0.634654 0.000000 -0.772796 0.400000 0.400000 0.400000
66.556007 0.000000 527.193481 0.000000 0.488158 0.000000 -0.872755 0.400000 0.400000 0.400000
70.773697 0.000000 523.218750 0.000000 0.661828 0.000000 -0.749656 0.400000 0.400000 0.400000
74.548195 0.000000 521.197388 0.000000 0.427742 0.000000 0.903901 0.400000 0.400000 0.400000
78.765884 0.000000 517.222656 0.000000 0.958711 0.000000 -0.284382 0.400000 0.400000 0.400000
74.548195 0.000000 527.193481 0.000000 0.488798 0.000000 0.872397 0.400000 0.400000 0.400000
78.765884 0.000000 523.218750 0.000000 0.629129 0.000000 0.777301 0.400000 0.400000 0.400000
86.758072 0.000000 505.230469 0.000000 0.758049 0.000000 -0.652198 0.400000 0.400000 0.400000
94.750259 0.000000 505.230469 0.000000 0.709328 0.000000 -0.704878 0.400000 0.400000 0.400000
94.750259 0.000000 511.226562 0.000000 0.732061 0.000000 -0.681239 0.400000 0.400000 0.400000
82.540382 0.000000 521.197388 0.000000 0.930090 0.000000 -0.367331 0.400000 0.400000 0.400000
82.540382 0.000000 527.193481 0.000000 0.711598 0.000000 -0.702586 0.400000 0.400000 0.400000
86.758072 0.000000 523.218750 0.000000 0.421522 0.000000 0.906818 0.400000 0.400000 0.400000
90.532570 0.000000 521.197388 0.000000 0.985807 0.000000 -0.167884 0.400000 0.400000 0.400000
94.750259 0.000000 517.222656 0.000000 0.073929 0.000000 0.997263 0.400000 0.400000 0.400000
90.532570 0.000000 527.193481 0.000000 0.779071 0.000000 -0.626935 0.400000 0.400000 0.400000
94.750259 0.000000 523.218750 0.000000 0.998782 0.000000 0.049345 0.400000 0.400000 0.400000
98.524757 0.000000 497.213013 0.000000 0.194387 0.000000 -0.980925 0.400000 0.400000 0.400000
98.524757 0.000000 503.209106 0.000000 0.148791 0.000000 -0.988869 0.400000 0.400000 0.400000
106.516945 0.000000 503.209106 0.000000 0.285036 0.000000 -0.958517 0.400000 0.400000 0.400000
98.524757 0.000000 509.205200 0.000000 0.871961 0.000000 0.489576 0.400000 0.400000 0.400000
102.742447 0.000000 505.230469 0.000000 0.947628 0.000000 0.319375 0.400000 0.400000 0.400000
97.328201 0.000000 505.073181 0.000000 0.999927 0.000000 0.012044 0.400000 0.400000 0.400000
98.524757 0.000000 515.201294 0.000000 0.893008 0.000000 0.450042 0.400000 0.400000 0.400000
102.742447 0.000000 511.226562 0.000000 0.915555 0.000000 0.402192 0.400000 0.400000 0.400000
97.328201 0.000000 511.069275 0.000000 0.998360 0.000000 -0.057243 0.400000 0.400000 0.400000
106.516945 0.000000 509.205200 0.000000 0.963147 0.000000 -0.268976 0.400000 0.400000 0.400000
106.516945 0.000000 515.201294 0.000000 0.357567 0.000000 0.933887 0.400000 0.400000 0.400000
98.524757 0.000000 521.197388 0.000000 0.920898 0.000000 0.389804 0.400000 0.400000 0.400000
102.742447 0.000000 517.222656 0.000000 0.906609 0.000000 0.421971 0.400000 0.400000 0.400000
97.328201 0.000000 517.065369 0.000000 0.936818 0.000000 -0.349817 0.400000 0.400000 0.400000
98.524757 0.000000 527.193481 0.000000 0.973412 0.000000 0.229061 0.400000 0.400000 0.400000
106.516945 0.000000 521.197388 0.000000 0.633482 0.000000 0.773758 0.400000 0.400000 0.400000
66.556007 0.000000 533.189575 0.000000 0.353040 0.000000 0.935608 0.400000 0.400000 0.400000
70.773697 0.000000 529.214844 0.000000 0.608545 0.000000 -0.793519 0.400000 0.400000 0.400000
65.359451 0.000000 529.057556 0.000000 0.953964 0.000000 -0.299922 0.400000 0.400000 0.400000
66.556007 0.000000 539.185669 0.000000 0.044500 0.000000 -0.999009 0.400000 0.400000 0.400000
70.773697 0.000000 535.210938 0.000000 0.790716 0.000000 -0.612183 0.400000 0.400000 0.400000
74.548195 0.000000 533.189575 0.000000 0.989493 0.000000 0.144584 0.400000 0.400000 0.400000
78.765884 0.000000 529.214844 0.000000 0.514939 0.000000 -0.857227 0.400000 0.400000 0.400000
74.548195 0.000000 539.185669 0.000000 0.998227 0.000000 0.059528 0.400000 0.400000 0.400000
78.765884 0.000000 535.210938 0.000000 0.998969 0.000000 -0.045392 0.400000 0.400000 0.400000
66.556007 0.000000 545.181763 0.000000 0.999795 0.000000 0.020264 0.400000 0.400000 0.400000
70.773697 0.000000 541.207031 0.000000 0.340037 0.000000 -0.940412 0.400000 0.400000 0.400000
66.556007 0.000000 551.177856 0.000000 0.961279 0.000000 -0.275578 0.400000 0.400000 0.400000
70.773697 0.000000 547.203125 0.000000 0.997391 0.000000 0.072190 0.400000 0.400000 0.400000
74.548195 0.000000 545.181763 0.000000 0.901309 0.000000 0.433177 0.400000 0.400000 0.400000
78.765884 0.000000 541.207031 0.000000 0.863730 0.000000 -0.503955 0.400000 0.400000 0.400000
74.548195 0.000000 551.177856 0.000000 0.956192 0.000000 -0.292739 0.400000 0.400000 0.400000
82.540382 0.000000 533.189575 0.000000 0.559184 0.000000 -0.829044 0.400000 0.400000 0.400000
86.758072 0.000000 529.214844 0.000000 0.956996 0.000000 0.290100 0.400000 0.400000 0.400000
82.540382 0.000000 539.185669 0.000000 0.638076 0.000000 -0.769973 0.400000 0.400000 0.400000
86.758072 0.000000 535.210938 0.000000 0.863253 0.000000 -0.504772 0.400000 0.400000 0.400000
90.532570 0.000000 533.189575 0.000000 0.996846 0.000000 -0.079366 0.400000 0.400000 0.400000
94.750259 0.000000 529.214844 0.000000 0.960260 0.000000 -0.279106 0.400000 0.400000 0.400000
90.532570 0.000000 539.185669 0.000000 0.167324 0.000000 0.985902 0.400000 0.400000 0.400000
94.750259 0.000000 535.210938 0.000000 0.673095 0.000000 0.739556 0.400000 0.400000 0.400000
82.540382 0.000000 551.177856 0.000000 0.995866 0.000000 -0.090833 0.400000 0.400000 0.400000
94.750259 0.000000 541.207031 0.000000 0.957764 0.000000 -0.287555 0.400000 0.400000 0.400000
90.532570 0.000000 551.177856 0.000000 0.751315 0.000000 0.659944 0.400000 0.400000 0.400000
94.750259 0.000000 547.203125 0.000000 0.888042 0.000000 -0.459762 0.400000 0.400000 0.400000
66.556007 0.000000 557.173950 0.000000 0.773824 0.000000 -0.633401 0.400000 0.400000 0.400000
66.556007 0.000000 563.170044 0.000000 0.995547 0.000000 0.094267 0.400000 0.400000 0.400000
74.548195 0.000000 557.173950 0.000000 0.975980 0.000000 0.217862 0.400000 0.400000 0.400000
78.765884 0.000000 553.199219 0.000000 0.660023 0.000000 0.751245 0.400000 0.400000 0.400000
74.548195 0.000000 563.170044 0.000000 0.772217 0.000000 0.635359 0.400000 0.400000 0.400000
66.556007 0.000000 569.166138 0.000000 0.612367 0.000000 -0.790574 0.400000 0.400000 0.400000
82.540382 0.000000 557.173950 0.000000 0.594089 0.000000 0.804399 0.400000 0.400000 0.400000
86.758072 0.000000 553.199219 0.000000 0.775665 0.000000 0.631144 0.400000 0.400000 0.400000
82.540382 0.000000 563.170044 0.000000 0.576796 0.000000 0.816888 0.400000 0.400000 0.400000
90.532570 0.000000 557.173950 0.000000 0.073371 0.000000 -0.997305 0.400000 0.400000 0.400000
94.750259 0.000000 553.199219 0.000000 0.998155 0.000000 0.060721 0.400000 0.400000 0.400000
90.532570 0.000000 563.170044 0.000000 0.674594 0.000000 0.738189 0.400000 0.400000 0.400000
82.540382 0.000000 575.162231 0.000000 0.639273 0.000000 -0.768980 0.400000 0.400000 0.400000
90.532570 0.000000 569.166138 0.000000 0.999028 0.000000 0.044082 0.400000 0.400000 0.400000
90.532570 0.000000 575.162231 0.000000 0.706366 0.000000 0.707847 0.400000 0.400000 0.400000
98.524757 0.000000 533.189575 0.000000 0.982146 0.000000 -0.188119 0.400000 0.400000 0.400000
98.524757 0.000000 539.185669 0.000000 0.982301 0.000000 -0.187312 0.400000 0.400000 0.400000
106.516945 0.000000 539.185669 0.000000 0.489006 0.000000 -0.872280 0.400000 0.400000 0.400000
98.524757 0.000000 545.181763 0.000000 0.957112 0.000000 0.289718 0.400000 0.400000 0.400000
102.742447 0.000000 541.207031 0.000000 0.401674 0.000000 -0.915783 0.400000 0.400000 0.400000
98.524757 0.000000 551.177856 0.000000 0.977815 0.000000 -0.209469 0.400000 0.400000 0.400000
102.742447 0.000000 547.203125 0.000000 0.174916 0.000000 -0.984583 0.400000 0.400000 0.400000
106.516945 0.000000 545.181763 0.000000 0.905652 0.000000 -0.424022 0.400000 0.400000 0.400000
106.516945 0.000000 551.177856 0.000000 0.548686 0.000000 0.836029 0.400000 0.400000 0.400000
114.509132 0.000000 539.185669 0.000000 0.084929 0.000000 -0.996387 0.400000 0.400000 0.400000
114.509132 0.000000 545.181763 0.000000 0.998452 0.000000 -0.055615 0.400000 0.400000 0.400000
114.509132 0.000000 551.177856 0.000000 0.753893 0.000000 0.656997 0.400000 0.400000 0.400000
122.501320 0.000000 545.181763 0.000000 0.638235 0.000000 0.769842 0.400000 0.400000 0.400000
122.501320 0.000000 551.177856 0.000000 0.816614 0.000000 -0.577185 0.400000 0.400000 0.400000
98.524757 0.000000 557.173950 0.000000 0.033440 0.000000 0.999441 0.400000 0.400000 0.400000
98.524757 0.000000 563.170044 0.000000 0.731316 0.000000 -0.682038 0.400000 0.400000 0.400000
106.516945 0.000000 557.173950 0.000000 0.999458 0.000000 0.032933 0.400000 0.400000 0.400000
98.524757 0.000000 569.166138 0.000000 0.638566 0.000000 0.769567 0.400000 0.400000 0.400000
98.524757 0.000000 575.162231 0.000000 0.237787 0.000000 -0.971317 0.400000 0.400000 0.400000
114.509132 0.000000 557.173950 0.000000 0.993961 0.000000 0.109735 0.400000 0.400000 0.400000
114.509132 0.000000 563.170044 0.000000 0.940255 0.000000 -0.340472 0.400000 0.400000 0.400000
122.501320 0.000000 563.170044 0.000000 0.072382 0.000000 0.997377 0.400000 0.400000 0.400000
114.509132 0.000000 569.166138 0.000000 0.176670 0.000000 0.984270 0.400000 0.400000 0.400000
114.509132 0.000000 575.162231 0.000000 0.592405 0.000000 0.805641 0.400000 0.400000 0.400000
122.501320 0.000000 569.166138 0.000000 0.980886 0.000000 -0.194583 0.400000 0.400000 0.400000
122.501320 0.000000 575.162231 0.000000 0.969913 0.000000 0.243454 0.400000 0.400000 0.400000
138.485687 0.000000 551.177856 0.000000 0.959530 0.000000 0.281607 0.400000 0.400000 0.400000
130.493500 0.000000 563.170044 0.000000 0.533759 0.000000 0.845637 0.400000 0.400000 0.400000
138.485687 0.000000 557.173950 0.000000 0.473688 0.000000 0.880692 0.400000 0.400000 0.400000
138.485687 0.000000 563.170044 0.000000 0.917946 0.000000 0.396705 0.400000 0.400000 0.400000
130.493500 0.000000 569.166138 0.000000 0.600686 0.000000 0.799485 0.400000 0.400000 0.400000
130.493500 0.000000 575.162231 0.000000 0.056270 0.000000 0.998416 0.400000 0.400000 0.400000
2.618504 0.000000 581.158325 0.000000 0.387776 0.000000 -0.921754 0.400000 0.400000 0.400000
10.610692 0.000000 581.158325 0.000000 0.557069 0.000000 0.830466 0.400000 0.400000 0.400000
14.828386 0.000000 577.183594 0.000000 0.813691 0.000000 -0.581297 0.400000 0.400000 0.400000
10.610692 0.000000 587.154419 0.000000 0.782329 0.000000 0.622865 0.400000 0.400000 0.400000
14.828386 0.000000 583.179688 0.000000 0.897096 0.000000 0.441835 0.400000 0.400000 0.400000
18.602879 0.000000 581.158325 0.000000 0.832425 0.000000 -0.554138 0.400000 0.400000 0.400000
22.820574 0.000000 577.183594 0.000000 0.783337 0.000000 0.621597 0.400000 0.400000 0.400000
18.602879 0.000000 587.154419 0.000000 0.699533 0.000000 0.714600 0.400000 0.400000 0.400000
22.820574 0.000000 583.179688 0.000000 0.799493 0.000000 0.600675 0.400000 0.400000 0.400000
26.595066 0.000000 581.158325 0.000000 0.999827 0.000000 0.018585 0.400000 0.400000 0.400000
26.595066 0.000000 587.154419 0.000000 0.992035 0.000000 -0.125965 0.400000 0.400000 0.400000
18.602879 0.000000 593.150513 0.000000 0.628359 0.000000 0.777924 0.400000 0.400000 0.400000
26.595066 0.000000 593.150513 0.000000 0.937736 0.000000 0.347350 0.400000 0.400000 0.400000
34.587254 0.000000 581.158325 0.000000 0.919354 0.000000 0.393432 0.400000 0.400000 0.400000
50.571629 0.000000 581.158325 0.000000 0.994155 0.000000 0.107960 0.400000 0.400000 0.400000
50.571629 0.000000 587.154419 0.000000 0.767225 0.000000 -0.641378 0.400000 0.400000 0.400000
58.563816 0.000000 581.158325 0.000000 0.677642 0.000000 0.735392 0.400000 0.400000 0.400000
58.563816 0.000000 587.154419 0.000000 0.389277 0.000000 0.921121 0.400000 0.400000 0.400000
58.563816 0.000000 593.150513 0.000000 0.112432 0.000000 -0.993659 0.400000 0.400000 0.400000
58.563816 0.000000 599.146606 0.000000 0.983342 0.000000 -0.181763 0.400000 0.400000 0.400000
66.556007 0.000000 581.158325 0.000000 0.842165 0.000000 0.539219 0.400000 0.400000 0.400000
66.556007 0.000000 587.154419 0.000000 0.329431 0.000000 0.944180 0.400000 0.400000 0.400000
74.548195 0.000000 581.158325 0.000000 0.161413 0.000000 -0.986887 0.400000 0.400000 0.400000
74.548195 0.000000 587.154419 0.000000 0.947931 0.000000 -0.318476 0.400000 0.400000 0.400000
66.556007 0.000000 593.150513 0.000000 0.401803 0.000000 0.915726 0.400000 0.400000 0.400000
66.556007 0.000000 599.146606 0.000000 0.982090 0.000000 -0.188411 0.400000 0.400000 0.400000
74.548195 0.000000 593.150513 0.000000 0.048528 0.000000 -0.998822 0.400000 0.400000 0.400000
82.540382 0.000000 581.158325 0.000000 0.766803 0.000000 0.641883 0.400000 0.400000 0.400000
82.540382 0.000000 587.154419 0.000000 0.347469 0.000000 0.937691 0.400000 0.400000 0.400000
90.532570 0.000000 581.158325 0.000000 0.153049 0.000000 0.988219 0.400000 0.400000 0.400000
90.532570 0.000000 587.154419 0.000000 0.821216 0.000000 -0.570617 0.400000 0.400000 0.400000
82.540382 0.000000 593.150513 0.000000 0.814999 0.000000 0.579463 0.400000 0.400000 0.400000
90.532570 0.000000 593.150513 0.000000 0.970669 0.000000 0.240418 0.400000 0.400000 0.400000
90.532570 0.000000 599.146606 0.000000 0.977610 0.000000 0.210424 0.400000 0.400000 0.400000
90.532570 0.000000 605.142700 0.000000 0.962314 0.000000 0.271941 0.400000 0.400000 0.400000
90.532570 0.000000 611.138794 0.000000 0.414483 0.000000 0.910057 0.400000 0.400000 0.400000
98.524757 0.000000 581.158325 0.000000 0.495179 0.000000 0.868791 0.400000 0.400000 0.400000
98.524757 0.000000 587.154419 0.000000 0.750260 0.000000 0.661143 0.400000 0.400000 0.400000
114.509132 0.000000 581.158325 0.000000 0.900976 0.000000 0.433868 0.400000 0.400000 0.400000
122.501320 0.000000 581.158325 0.000000 0.996560 0.000000 0.082875 0.400000 0.400000 0.400000
122.501320 0.000000 587.154419 0.000000 0.060808 0.000000 -0.998149 0.400000 0.400000 0.400000
130.493500 0.000000 581.158325 0.000000 0.687278 0.000000 -0.726395 0.400000 0.400000 0.400000
689.946655 0.000000 1342.662231 0.000000 0.301672 0.000000 0.953412 0.400000 0.400000 0.400000
697.938843 0.000000 1342.662231 0.000000 0.974789 0.000000 -0.223127 0.400000 0.400000 0.400000
721.915405 0.000000 1342.662231 0.000000 0.195111 0.000000 0.980781 0.400000 0.400000 0.400000
729.907593 0.000000 1342.662231 0.000000 0.431680 0.000000 0.902027 0.400000 0.400000 0.400000
745.891968 0.000000 1336.666138 0.000000 0.592324 0.000000 -0.805700 0.400000 0.400000 0.400000
750.109619 0.000000 1338.687500 0.000000 0.425716 0.000000 0.904857 0.400000 0.400000 0.400000
753.884155 0.000000 1336.666138 0.000000 0.721805 0.000000 -0.692096 0.400000 0.400000 0.400000
761.876343 0.000000 1336.666138 0.000000 0.936733 0.000000 -0.350043 0.400000 0.400000 0.400000
761.876343 0.000000 1342.662231 0.000000 0.825223 0.000000 0.564807 0.400000 0.400000 0.400000
681.954468 0.000000 1354.654419 0.000000 0.724890 0.000000 -0.688865 0.400000 0.400000 0.400000
686.172119 0.000000 1350.679688 0.000000 0.175155 0.000000 -0.984541 0.400000 0.400000 0.400000
673.962280 0.000000 1360.650513 0.000000 0.088482 0.000000 -0.996078 0.400000 0.400000 0.400000
678.179932 0.000000 1356.675781 0.000000 0.831767 0.000000 0.555125 0.400000 0.400000 0.400000
680.757874 0.000000 1356.518555 0.000000 0.992628 0.000000 0.121204 0.400000 0.400000 0.400000
687.168823 0.000000 1359.654907 0.000000 0.656217 0.000000 -0.754572 0.400000 0.400000 0.400000
688.750061 0.000000 1350.522461 0.000000 0.717736 0.000000 0.696315 0.400000 0.400000 0.400000
697.938843 0.000000 1348.658325 0.000000 0.570309 0.000000 0.821430 0.400000 0.400000 0.400000
702.156494 0.000000 1350.679688 0.000000 0.904026 0.000000 0.427477 0.400000 0.400000 0.400000
696.742249 0.000000 1350.522461 0.000000 0.672257 0.000000 -0.740318 0.400000 0.400000 0.400000
695.161011 0.000000 1365.651001 0.000000 0.710919 0.000000 -0.703274 0.400000 0.400000 0.400000
691.409363 0.000000 1363.753174 0.000000 0.950798 0.000000 0.309810 0.400000 0.400000 0.400000
699.401550 0.000000 1363.753174 0.000000 0.953456 0.000000 0.301533 0.400000 0.400000 0.400000
678.179932 0.000000 1374.664062 0.000000 0.968137 0.000000 -0.250420 0.400000 0.400000 0.400000
680.757874 0.000000 1368.510742 0.000000 0.108105 0.000000 0.994140 0.400000 0.400000 0.400000
687.168823 0.000000 1371.647095 0.000000 0.933071 0.000000 -0.359693 0.400000 0.400000 0.400000
681.954468 0.000000 1384.634888 0.000000 0.837463 0.000000 -0.546494 0.400000 0.400000 0.400000
686.172119 0.000000 1380.660156 0.000000 0.913254 0.000000 -0.407392 0.400000 0.400000 0.400000
681.954468 0.000000 1390.630981 0.000000 0.352716 0.000000 0.935730 0.400000 0.400000 0.400000
695.161011 0.000000 1371.647095 0.000000 0.683918 0.000000 0.729559 0.400000 0.400000 0.400000
691.409363 0.000000 1369.749268 0.000000 0.983375 0.000000 0.181589 0.400000 0.400000 0.400000
695.161011 0.000000 1377.643188 0.000000 0.997672 0.000000 -0.068202 0.400000 0.400000 0.400000
699.401550 0.000000 1369.749268 0.000000 0.530734 0.000000 -0.847539 0.400000 0.400000 0.400000
703.153198 0.000000 1377.643188 0.000000 0.577944 0.000000 0.816076 0.400000 0.400000 0.400000
699.401550 0.000000 1375.745361 0.000000 0.419954 0.000000 0.907545 0.400000 0.400000 0.400000
695.161011 0.000000 1383.639282 0.000000 0.087833 0.000000 -0.996135 0.400000 0.400000 0.400000
699.401550 0.000000 1381.741455 0.000000 0.999124 0.000000 -0.041837 0.400000 0.400000 0.400000
696.742249 0.000000 1386.499023 0.000000 0.842186 0.000000 0.539187 0.400000 0.400000 0.400000
703.153198 0.000000 1389.635376 0.000000 0.936857 0.000000 0.349713 0.400000 0.400000 0.400000
654.203369 0.000000 1410.640625 0.000000 0.257773 0.000000 -0.966205 0.400000 0.400000 0.400000
657.977905 0.000000 1402.623169 0.000000 0.998120 0.000000 0.061290 0.400000 0.400000 0.400000
662.195557 0.000000 1398.648438 0.000000 0.268979 0.000000 -0.963146 0.400000 0.400000 0.400000
665.970093 0.000000 1396.627075 0.000000 0.995219 0.000000 0.097672 0.400000 0.400000 0.400000
671.184448 0.000000 1401.627563 0.000000 0.068304 0.000000 -0.997665 0.400000 0.400000 0.400000
662.195557 0.000000 1404.644531 0.000000 0.661569 0.000000 -0.749884 0.400000 0.400000 0.400000
663.192261 0.000000 1407.623657 0.000000 0.956522 0.000000 0.291660 0.400000 0.400000 0.400000
656.781311 0.000000 1410.483398 0.000000 0.924829 0.000000 0.380382 0.400000 0.400000 0.400000
663.192261 0.000000 1413.619751 0.000000 0.960727 0.000000 0.277496 0.400000 0.400000 0.400000
659.440613 0.000000 1411.721924 0.000000 0.907420 0.000000 -0.420224 0.400000 0.400000 0.400000
670.187744 0.000000 1404.644531 0.000000 0.555794 0.000000 0.831320 0.400000 0.400000 0.400000
664.773499 0.000000 1404.487305 0.000000 0.802613 0.000000 0.596500 0.400000 0.400000 0.400000
671.184448 0.000000 1407.623657 0.000000 0.303744 0.000000 0.952754 0.400000 0.400000 0.400000
667.432800 0.000000 1405.725830 0.000000 0.244811 0.000000 0.969571 0.400000 0.400000 0.400000
667.432800 0.000000 1411.721924 0.000000 0.256018 0.000000 0.966672 0.400000 0.400000 0.400000
654.203369 0.000000 1416.636719 0.000000 0.351641 0.000000 0.936135 0.400000 0.400000 0.400000
655.200073 0.000000 1419.615845 0.000000 0.736550 0.000000 0.676383 0.400000 0.400000 0.400000
656.781311 0.000000 1416.479492 0.000000 0.962376 0.000000 -0.271720 0.400000 0.400000 0.400000
663.192261 0.000000 1419.615845 0.000000 0.647628 0.000000 -0.761957 0.400000 0.400000 0.400000
659.440613 0.000000 1417.718018 0.000000 0.637752 0.000000 0.770242 0.400000 0.400000 0.400000
667.432800 0.000000 1417.718018 0.000000 0.599362 0.000000 0.800478 0.400000 0.400000 0.400000
664.773499 0.000000 1422.475586 0.000000 0.895940 0.000000 -0.444175 0.400000 0.400000 0.400000
671.184448 0.000000 1425.611938 0.000000 0.740980 0.000000 0.671527 0.400000 0.400000 0.400000
667.432800 0.000000 1423.714111 0.000000 0.742709 0.000000 0.669614 0.400000 0.400000 0.400000
657.977905 0.000000 1438.599731 0.000000 1.000000 0.000000 -0.000800 0.400000 0.400000 0.400000
678.179932 0.000000 1398.648438 0.000000 0.577429 0.000000 -0.816441 0.400000 0.400000 0.400000
672.765686 0.000000 1398.491211 0.000000 0.745933 0.000000 0.666021 0.400000 0.400000 0.400000
679.176636 0.000000 1401.627563 0.000000 0.656813 0.000000 0.754054 0.400000 0.400000 0.400000
675.424988 0.000000 1399.729736 0.000000 0.131290 0.000000 -0.991344 0.400000 0.400000 0.400000
686.172119 0.000000 1398.648438 0.000000 0.650768 0.000000 0.759277 0.400000 0.400000 0.400000
680.757874 0.000000 1398.491211 0.000000 0.942258 0.000000 0.334889 0.400000 0.400000 0.400000
687.168823 0.000000 1401.627563 0.000000 0.778929 0.000000 -0.627112 0.400000 0.400000 0.400000
683.417175 0.000000 1399.729736 0.000000 0.049305 0.000000 -0.998784 0.400000 0.400000 0.400000
678.179932 0.000000 1404.644531 0.000000 0.724667 0.000000 0.689100 0.400000 0.400000 0.400000
672.765686 0.000000 1404.487305 0.000000 0.771620 0.000000 0.636084 0.400000 0.400000 0.400000
679.176636 0.000000 1407.623657 0.000000 0.994597 0.000000 0.103807 0.400000 0.400000 0.400000
675.424988 0.000000 1405.725830 0.000000 0.813858 0.000000 0.581063 0.400000 0.400000 0.400000
675.424988 0.000000 1411.721924 0.000000 0.520748 0.000000 -0.853710 0.400000 0.400000 0.400000
680.757874 0.000000 1404.487305 0.000000 0.747794 0.000000 -0.663931 0.400000 0.400000 0.400000
687.168823 0.000000 1407.623657 0.000000 0.213660 0.000000 0.976908 0.400000 0.400000 0.400000
683.417175 0.000000 1405.725830 0.000000 0.811443 0.000000 0.584431 0.400000 0.400000 0.400000
683.417175 0.000000 1411.721924 0.000000 0.069444 0.000000 0.997586 0.400000 0.400000 0.400000
688.750061 0.000000 1392.495117 0.000000 0.721815 0.000000 0.692086 0.400000 0.400000 0.400000
695.161011 0.000000 1395.631470 0.000000 0.882771 0.000000 0.469803 0.400000 0.400000 0.400000
688.750061 0.000000 1398.491211 0.000000 0.963847 0.000000 -0.266455 0.400000 0.400000 0.400000
695.161011 0.000000 1401.627563 0.000000 0.536149 0.000000 -0.844124 0.400000 0.400000 0.400000
691.409363 0.000000 1399.729736 0.000000 0.037637 0.000000 -0.999291 0.400000 0.400000 0.400000
703.153198 0.000000 1401.627563 0.000000 0.905546 0.000000 -0.424247 0.400000 0.400000 0.400000
699.401550 0.000000 1399.729736 0.000000 0.287688 0.000000 0.957724 0.400000 0.400000 0.400000
688.750061 0.000000 1404.487305 0.000000 0.997710 0.000000 0.067637 0.400000 0.400000 0.400000
695.161011 0.000000 1407.623657 0.000000 0.681357 0.000000 -0.731951 0.400000 0.400000 0.400000
691.409363 0.000000 1405.725830 0.000000 0.088345 0.000000 -0.996090 0.400000 0.400000 0.400000
695.161011 0.000000 1413.619751 0.000000 0.502032 0.000000 -0.864849 0.400000 0.400000 0.400000
691.409363 0.000000 1411.721924 0.000000 0.033293 0.000000 -0.999446 0.400000 0.400000 0.400000
703.153198 0.000000 1407.623657 0.000000 0.674264 0.000000 -0.738490 0.400000 0.400000 0.400000
699.401550 0.000000 1405.725830 0.000000 0.466425 0.000000 0.884561 0.400000 0.400000 0.400000
699.401550 0.000000 1411.721924 0.000000 0.368568 0.000000 0.929601 0.400000 0.400000 0.400000
675.424988 0.000000 1417.718018 0.000000 0.973326 0.000000 -0.229426 0.400000 0.400000 0.400000
679.176636 0.000000 1425.611938 0.000000 0.747895 0.000000 -0.663817 0.400000 0.400000 0.400000
675.424988 0.000000 1423.714111 0.000000 0.939259 0.000000 0.343209 0.400000 0.400000 0.400000
683.417175 0.000000 1417.718018 0.000000 0.017089 0.000000 0.999854 0.400000 0.400000 0.400000
686.172119 0.000000 1428.628906 0.000000 0.192044 0.000000 0.981386 0.400000 0.400000 0.400000
680.757874 0.000000 1428.471680 0.000000 0.972372 0.000000 0.233437 0.400000 0.400000 0.400000
687.168823 0.000000 1431.608032 0.000000 0.999798 0.000000 -0.020093 0.400000 0.400000 0.400000
686.172119 0.000000 1434.625000 0.000000 0.520393 0.000000 -0.853927 0.400000 0.400000 0.400000
695.161011 0.000000 1425.611938 0.000000 0.393454 0.000000 0.919344 0.400000 0.400000 0.400000
691.409363 0.000000 1423.714111 0.000000 0.389705 0.000000 -0.920940 0.400000 0.400000 0.400000
702.156494 0.000000 1416.636719 0.000000 0.139046 0.000000 0.990286 0.400000 0.400000 0.400000
703.153198 0.000000 1419.615845 0.000000 0.315680 0.000000 0.948866 0.400000 0.400000 0.400000
699.401550 0.000000 1423.714111 0.000000 0.445597 0.000000 -0.895233 0.400000 0.400000 0.400000
695.161011 0.000000 1437.604126 0.000000 0.656194 0.000000 0.754592 0.400000 0.400000 0.400000
696.742249 0.000000 1434.467773 0.000000 0.570058 0.000000 0.821604 0.400000 0.400000 0.400000
703.153198 0.000000 1437.604126 0.000000 0.827668 0.000000 -0.561219 0.400000 0.400000 0.400000
699.401550 0.000000 1435.706299 0.000000 0.959640 0.000000 -0.281232 0.400000 0.400000 0.400000
711.145386 0.000000 1365.651001 0.000000 0.985019 0.000000 -0.172444 0.400000 0.400000 0.400000
707.393738 0.000000 1363.753174 0.000000 0.060126 0.000000 -0.998191 0.400000 0.400000 0.400000
719.137573 0.000000 1365.651001 0.000000 0.999217 0.000000 0.039561 0.400000 0.400000 0.400000
715.385925 0.000000 1363.753174 0.000000 0.374208 0.000000 0.927345 0.400000 0.400000 0.400000
720.718811 0.000000 1350.522461 0.000000 0.768956 0.000000 -0.639302 0.400000 0.400000 0.400000
734.125244 0.000000 1344.683594 0.000000 0.921447 0.000000 0.388505 0.400000 0.400000 0.400000
731.370300 0.000000 1363.753174 0.000000 0.817421 0.000000 0.576041 0.400000 0.400000 0.400000
707.393738 0.000000 1369.749268 0.000000 0.461462 0.000000 0.887160 0.400000 0.400000 0.400000
707.393738 0.000000 1375.745361 0.000000 0.210759 0.000000 0.977538 0.400000 0.400000 0.400000
719.137573 0.000000 1371.647095 0.000000 0.796982 0.000000 0.604003 0.400000 0.400000 0.400000
711.145386 0.000000 1383.639282 0.000000 0.854710 0.000000 -0.519107 0.400000 0.400000 0.400000
711.145386 0.000000 1389.635376 0.000000 0.580127 0.000000 0.814526 0.400000 0.400000 0.400000
707.393738 0.000000 1387.737549 0.000000 0.999025 0.000000 0.044151 0.400000 0.400000 0.400000
719.137573 0.000000 1389.635376 0.000000 0.956255 0.000000 -0.292536 0.400000 0.400000 0.400000
723.378113 0.000000 1369.749268 0.000000 0.179500 0.000000 -0.983758 0.400000 0.400000 0.400000
727.129761 0.000000 1377.643188 0.000000 0.998895 0.000000 0.047002 0.400000 0.400000 0.400000
723.378113 0.000000 1375.745361 0.000000 0.054531 0.000000 0.998512 0.400000 0.400000 0.400000
734.125244 0.000000 1368.667969 0.000000 0.672463 0.000000 -0.740131 0.400000 0.400000 0.400000
734.125244 0.000000 1374.664062 0.000000 0.484147 0.000000 0.874987 0.400000 0.400000 0.400000
723.378113 0.000000 1381.741455 0.000000 0.129509 0.000000 -0.991578 0.400000 0.400000 0.400000
727.129761 0.000000 1389.635376 0.000000 0.037902 0.000000 0.999281 0.400000 0.400000 0.400000
723.378113 0.000000 1387.737549 0.000000 0.333681 0.000000 0.942686 0.400000 0.400000 0.400000
728.710999 0.000000 1386.499023 0.000000 0.591196 0.000000 0.806528 0.400000 0.400000 0.400000
743.114136 0.000000 1353.658813 0.000000 0.848885 0.000000 0.528578 0.400000 0.400000 0.400000
751.106323 0.000000 1347.662720 0.000000 0.338934 0.000000 -0.940810 0.400000 0.400000 0.400000
743.114136 0.000000 1359.654907 0.000000 0.585265 0.000000 0.810842 0.400000 0.400000 0.400000
739.362488 0.000000 1357.757080 0.000000 0.744628 0.000000 -0.667480 0.400000 0.400000 0.400000
743.114136 0.000000 1365.651001 0.000000 0.628335 0.000000 -0.777943 0.400000 0.400000 0.400000
739.362488 0.000000 1363.753174 0.000000 0.952411 0.000000 0.304818 0.400000 0.400000 0.400000
758.101807 0.000000 1344.683594 0.000000 0.901186 0.000000 0.433433 0.400000 0.400000 0.400000
759.098511 0.000000 1347.662720 0.000000 0.993204 0.000000 0.116385 0.400000 0.400000 0.400000
759.098511 0.000000 1353.658813 0.000000 0.654682 0.000000 0.755905 0.400000 0.400000 0.400000
766.093994 0.000000 1344.683594 0.000000 0.993606 0.000000 -0.112906 0.400000 0.400000 0.400000
760.679749 0.000000 1344.526367 0.000000 0.358450 0.000000 -0.933549 0.400000 0.400000 0.400000
766.093994 0.000000 1350.679688 0.000000 0.559581 0.000000 0.828776 0.400000 0.400000 0.400000
759.098511 0.000000 1365.651001 0.000000 0.901574 0.000000 -0.432625 0.400000 0.400000 0.400000
755.346863 0.000000 1363.753174 0.000000 0.980792 0.000000 -0.195054 0.400000 0.400000 0.400000
766.093994 0.000000 1356.675781 0.000000 0.949809 0.000000 0.312831 0.400000 0.400000 0.400000
736.703186 0.000000 1368.510742 0.000000 0.844108 0.000000 -0.536173 0.400000 0.400000 0.400000
742.117432 0.000000 1374.664062 0.000000 0.706193 0.000000 0.708020 0.400000 0.400000 0.400000
737.899780 0.000000 1390.630981 0.000000 0.773475 0.000000 -0.633827 0.400000 0.400000 0.400000
742.117432 0.000000 1386.656250 0.000000 0.387061 0.000000 0.922054 0.400000 0.400000 0.400000
750.109619 0.000000 1380.660156 0.000000 0.441703 0.000000 -0.897161 0.400000 0.400000 0.400000
745.891968 0.000000 1390.630981 0.000000 0.847188 0.000000 -0.531293 0.400000 0.400000 0.400000
750.109619 0.000000 1386.656250 0.000000 0.914691 0.000000 0.404155 0.400000 0.400000 0.400000
744.695374 0.000000 1386.499023 0.000000 0.999977 0.000000 -0.006744 0.400000 0.400000 0.400000
766.093994 0.000000 1368.667969 0.000000 0.657641 0.000000 0.753331 0.400000 0.400000 0.400000
753.884155 0.000000 1384.634888 0.000000 0.038387 0.000000 0.999263 0.400000 0.400000 0.400000
758.101807 0.000000 1380.660156 0.000000 0.928976 0.000000 -0.370141 0.400000 0.400000 0.400000
753.884155 0.000000 1390.630981 0.000000 0.248761 0.000000 -0.968565 0.400000 0.400000 0.400000
758.101807 0.000000 1386.656250 0.000000 0.087238 0.000000 -0.996187 0.400000 0.400000 0.400000
752.687561 0.000000 1386.499023 0.000000 0.997285 0.000000 0.073643 0.400000 0.400000 0.400000
761.876343 0.000000 1384.634888 0.000000 0.668549 0.000000 0.743668 0.400000 0.400000 0.400000
761.876343 0.000000 1390.630981 0.000000 0.939793 0.000000 -0.341744 0.400000 0.400000 0.400000
707.393738 0.000000 1399.729736 0.000000 0.483134 0.000000 -0.875546 0.400000 0.400000 0.400000
715.385925 0.000000 1393.733643 0.000000 0.919389 0.000000 -0.393349 0.400000 0.400000 0.400000
715.385925 0.000000 1399.729736 0.000000 0.058744 0.000000 0.998273 0.400000 0.400000 0.400000
711.145386 0.000000 1407.623657 0.000000 0.790244 0.000000 0.612792 0.400000 0.400000 0.400000
707.393738 0.000000 1405.725830 0.000000 0.482085 0.000000 0.876124 0.400000 0.400000 0.400000
705.931030 0.000000 1414.615356 0.000000 0.625140 0.000000 0.780512 0.400000 0.400000 0.400000
711.145386 0.000000 1413.619751 0.000000 0.609615 0.000000 0.792697 0.400000 0.400000 0.400000
718.140869 0.000000 1404.644531 0.000000 0.621362 0.000000 0.783523 0.400000 0.400000 0.400000
712.726624 0.000000 1404.487305 0.000000 0.720622 0.000000 0.693328 0.400000 0.400000 0.400000
719.137573 0.000000 1407.623657 0.000000 0.140096 0.000000 -0.990138 0.400000 0.400000 0.400000
715.385925 0.000000 1405.725830 0.000000 0.832301 0.000000 0.554324 0.400000 0.400000 0.400000
713.923218 0.000000 1414.615356 0.000000 0.907302 0.000000 -0.420480 0.400000 0.400000 0.400000
719.137573 0.000000 1413.619751 0.000000 0.143080 0.000000 0.989711 0.400000 0.400000 0.400000
715.385925 0.000000 1411.721924 0.000000 0.946015 0.000000 0.324122 0.400000 0.400000 0.400000
726.133057 0.000000 1392.652344 0.000000 0.998827 0.000000 -0.048427 0.400000 0.400000 0.400000
727.129761 0.000000 1395.631470 0.000000 0.934257 0.000000 -0.356602 0.400000 0.400000 0.400000
723.378113 0.000000 1393.733643 0.000000 0.454641 0.000000 -0.890675 0.400000 0.400000 0.400000
726.133057 0.000000 1398.648438 0.000000 0.739090 0.000000 0.673607 0.400000 0.400000 0.400000
720.718811 0.000000 1398.491211 0.000000 0.650346 0.000000 0.759638 0.400000 0.400000 0.400000
727.129761 0.000000 1401.627563 0.000000 0.189800 0.000000 -0.981823 0.400000 0.400000 0.400000
723.378113 0.000000 1399.729736 0.000000 0.999982 0.000000 -0.005979 0.400000 0.400000 0.400000
729.907593 0.000000 1396.627075 0.000000 0.511828 0.000000 -0.859088 0.400000 0.400000 0.400000
734.125244 0.000000 1392.652344 0.000000 0.899173 0.000000 0.437593 0.400000 0.400000 0.400000
728.710999 0.000000 1392.495117 0.000000 0.958894 0.000000 0.283765 0.400000 0.400000 0.400000
734.125244 0.000000 1398.648438 0.000000 0.964577 0.000000 0.263802 0.400000 0.400000 0.400000
728.710999 0.000000 1398.491211 0.000000 0.887036 0.000000 -0.461700 0.400000 0.400000 0.400000
735.121948 0.000000 1401.627563 0.000000 0.844842 0.000000 -0.535016 0.400000 0.400000 0.400000
731.370300 0.000000 1399.729736 0.000000 0.236666 0.000000 0.971591 0.400000 0.400000 0.400000
720.718811 0.000000 1404.487305 0.000000 0.653335 0.000000 -0.757069 0.400000 0.400000 0.400000
723.378113 0.000000 1405.725830 0.000000 0.939807 0.000000 0.341706 0.400000 0.400000 0.400000
726.133057 0.000000 1410.640625 0.000000 0.814124 0.000000 -0.580691 0.400000 0.400000 0.400000
720.718811 0.000000 1410.483398 0.000000 0.513312 0.000000 -0.858202 0.400000 0.400000 0.400000
729.907593 0.000000 1408.619263 0.000000 0.820576 0.000000 -0.571538 0.400000 0.400000 0.400000
734.125244 0.000000 1404.644531 0.000000 0.809093 0.000000 -0.587681 0.400000 0.400000 0.400000
728.710999 0.000000 1404.487305 0.000000 0.545088 0.000000 -0.838379 0.400000 0.400000 0.400000
735.121948 0.000000 1407.623657 0.000000 0.973901 0.000000 -0.226973 0.400000 0.400000 0.400000
731.370300 0.000000 1405.725830 0.000000 0.974452 0.000000 0.224598 0.400000 0.400000 0.400000
734.125244 0.000000 1410.640625 0.000000 0.814577 0.000000 0.580055 0.400000 0.400000 0.400000
705.931030 0.000000 1420.611450 0.000000 0.728407 0.000000 -0.685144 0.400000 0.400000 0.400000
710.148682 0.000000 1416.636719 0.000000 0.979362 0.000000 -0.202114 0.400000 0.400000 0.400000
704.734436 0.000000 1416.479492 0.000000 0.899883 0.000000 0.436131 0.400000 0.400000 0.400000
711.145386 0.000000 1419.615845 0.000000 0.976283 0.000000 -0.216500 0.400000 0.400000 0.400000
707.393738 0.000000 1417.718018 0.000000 0.763811 0.000000 0.645440 0.400000 0.400000 0.400000
710.148682 0.000000 1422.632812 0.000000 0.864941 0.000000 -0.501873 0.400000 0.400000 0.400000
704.734436 0.000000 1422.475586 0.000000 0.444625 0.000000 0.895717 0.400000 0.400000 0.400000
711.145386 0.000000 1425.611938 0.000000 0.128533 0.000000 -0.991705 0.400000 0.400000 0.400000
707.393738 0.000000 1423.714111 0.000000 0.049046 0.000000 0.998797 0.400000 0.400000 0.400000
713.923218 0.000000 1420.611450 0.000000 0.092770 0.000000 0.995688 0.400000 0.400000 0.400000
712.726624 0.000000 1416.479492 0.000000 0.842509 0.000000 -0.538683 0.400000 0.400000 0.400000
715.385925 0.000000 1417.718018 0.000000 0.996139 0.000000 0.087790 0.400000 0.400000 0.400000
713.923218 0.000000 1426.607544 0.000000 0.262288 0.000000 0.964990 0.400000 0.400000 0.400000
712.726624 0.000000 1422.475586 0.000000 0.864656 0.000000 -0.502364 0.400000 0.400000 0.400000
719.137573 0.000000 1425.611938 0.000000 0.169578 0.000000 -0.985517 0.400000 0.400000 0.400000
704.734436 0.000000 1434.467773 0.000000 0.655204 0.000000 -0.755452 0.400000 0.400000 0.400000
721.915405 0.000000 1432.603638 0.000000 0.606426 0.000000 -0.795140 0.400000 0.400000 0.400000
726.133057 0.000000 1428.628906 0.000000 0.089458 0.000000 -0.995991 0.400000 0.400000 0.400000
720.718811 0.000000 1428.471680 0.000000 0.306622 0.000000 -0.951832 0.400000 0.400000 0.400000
726.133057 0.000000 1434.625000 0.000000 0.995559 0.000000 -0.094140 0.400000 0.400000 0.400000
729.907593 0.000000 1432.603638 0.000000 0.889748 0.000000 0.456452 0.400000 0.400000 0.400000
729.907593 0.000000 1438.599731 0.000000 0.070221 0.000000 -0.997531 0.400000 0.400000 0.400000
728.710999 0.000000 1434.467773 0.000000 0.662535 0.000000 0.749031 0.400000 0.400000 0.400000
737.899780 0.000000 1396.627075 0.000000 0.923012 0.000000 0.384771 0.400000 0.400000 0.400000
742.117432 0.000000 1392.652344 0.000000 0.994125 0.000000 -0.108236 0.400000 0.400000 0.400000
736.703186 0.000000 1392.495117 0.000000 0.619067 0.000000 -0.785339 0.400000 0.400000 0.400000
737.899780 0.000000 1402.623169 0.000000 0.109031 0.000000 -0.994038 0.400000 0.400000 0.400000
742.117432 0.000000 1398.648438 0.000000 0.052835 0.000000 0.998603 0.400000 0.400000 0.400000
736.703186 0.000000 1398.491211 0.000000 0.409149 0.000000 -0.912468 0.400000 0.400000 0.400000
745.891968 0.000000 1396.627075 0.000000 0.991943 0.000000 -0.126686 0.400000 0.400000 0.400000
750.109619 0.000000 1392.652344 0.000000 0.663179 0.000000 -0.748461 0.400000 0.400000 0.400000
744.695374 0.000000 1392.495117 0.000000 0.370378 0.000000 0.928881 0.400000 0.400000 0.400000
745.891968 0.000000 1402.623169 0.000000 0.248467 0.000000 -0.968640 0.400000 0.400000 0.400000
750.109619 0.000000 1398.648438 0.000000 0.737278 0.000000 0.675590 0.400000 0.400000 0.400000
744.695374 0.000000 1398.491211 0.000000 0.995701 0.000000 -0.092629 0.400000 0.400000 0.400000
737.899780 0.000000 1408.619263 0.000000 0.987297 0.000000 0.158884 0.400000 0.400000 0.400000
742.117432 0.000000 1404.644531 0.000000 0.695584 0.000000 0.718445 0.400000 0.400000 0.400000
736.703186 0.000000 1404.487305 0.000000 0.547700 0.000000 -0.836675 0.400000 0.400000 0.400000
742.117432 0.000000 1410.640625 0.000000 0.180827 0.000000 -0.983515 0.400000 0.400000 0.400000
736.703186 0.000000 1410.483398 0.000000 0.678290 0.000000 0.734794 0.400000 0.400000 0.400000
745.891968 0.000000 1408.619263 0.000000 0.924557 0.000000 -0.381044 0.400000 0.400000 0.400000
750.109619 0.000000 1404.644531 0.000000 0.888567 0.000000 -0.458747 0.400000 0.400000 0.400000
744.695374 0.000000 1404.487305 0.000000 0.727127 0.000000 -0.686503 0.400000 0.400000 0.400000
745.891968 0.000000 1414.615356 0.000000 0.748272 0.000000 -0.663392 0.400000 0.400000 0.400000
753.884155 0.000000 1396.627075 0.000000 0.177145 0.000000 -0.984185 0.400000 0.400000 0.400000
758.101807 0.000000 1392.652344 0.000000 0.897729 0.000000 0.440547 0.400000 0.400000 0.400000
752.687561 0.000000 1392.495117 0.000000 0.205498 0.000000 -0.978658 0.400000 0.400000 0.400000
753.884155 0.000000 1402.623169 0.000000 0.970271 0.000000 -0.242019 0.400000 0.400000 0.400000
758.101807 0.000000 1398.648438 0.000000 0.408971 0.000000 -0.912547 0.400000 0.400000 0.400000
752.687561 0.000000 1398.491211 0.000000 0.611492 0.000000 -0.791251 0.400000 0.400000 0.400000
761.876343 0.000000 1396.627075 0.000000 0.583304 0.000000 -0.812254 0.400000 0.400000 0.400000
761.876343 0.000000 1402.623169 0.000000 0.697275 0.000000 -0.716803 0.400000 0.400000 0.400000
753.884155 0.000000 1408.619263 0.000000 0.215941 0.000000 -0.976407 0.400000 0.400000 0.400000
753.884155 0.000000 1414.615356 0.000000 0.894713 0.000000 -0.446641 0.400000 0.400000 0.400000
745.891968 0.000000 1420.611450 0.000000 0.868100 0.000000 0.496389 0.400000 0.400000 0.400000
750.109619 0.000000 1422.632812 0.000000 0.069071 0.000000 0.997612 0.400000 0.400000 0.400000
737.899780 0.000000 1438.599731 0.000000 0.955012 0.000000 0.296568 0.400000 0.400000 0.400000
753.884155 0.000000 1420.611450 0.000000 0.792333 0.000000 -0.610089 0.400000 0.400000 0.400000
753.884155 0.000000 1426.607544 0.000000 0.722057 0.000000 0.691834 0.400000 0.400000 0.400000
753.884155 0.000000 1432.603638 0.000000 0.163226 0.000000 -0.986589 0.400000 0.400000 0.400000
761.876343 0.000000 1432.603638 0.000000 0.830436 0.000000 -0.557114 0.400000 0.400000 0.400000
761.876343 0.000000 1438.599731 0.000000 0.536904 0.000000 -0.843643 0.400000 0.400000 0.400000
654.203369 0.000000 1440.621094 0.000000 0.996586 0.000000 -0.082560 0.400000 0.400000 0.400000
654.203369 0.000000 1446.617188 0.000000 0.913836 0.000000 0.406083 0.400000 0.400000 0.400000
654.203369 0.000000 1452.613281 0.000000 0.709991 0.000000 -0.704211 0.400000 0.400000 0.400000
657.977905 0.000000 1444.595825 0.000000 0.728172 0.000000 -0.685394 0.400000 0.400000 0.400000
662.195557 0.000000 1440.621094 0.000000 0.878048 0.000000 0.478572 0.400000 0.400000 0.400000
656.781311 0.000000 1440.463867 0.000000 0.701711 0.000000 0.712462 0.400000 0.400000 0.400000
663.192261 0.000000 1443.600220 0.000000 0.795027 0.000000 0.606574 0.400000 0.400000 0.400000
659.440613 0.000000 1441.702393 0.000000 0.605312 0.000000 -0.795989 0.400000 0.400000 0.400000
657.977905 0.000000 1450.591919 0.000000 0.685695 0.000000 0.727889 0.400000 0.400000 0.400000
662.195557 0.000000 1446.617188 0.000000 0.974054 0.000000 0.226315 0.400000 0.400000 0.400000
656.781311 0.000000 1446.459961 0.000000 0.499097 0.000000 -0.866546 0.400000 0.400000 0.400000
663.192261 0.000000 1449.596313 0.000000 0.141271 0.000000 0.989971 0.400000 0.400000 0.400000
659.440613 0.000000 1447.698486 0.000000 0.743898 0.000000 -0.668293 0.400000 0.400000 0.400000
665.970093 0.000000 1450.591919 0.000000 0.929691 0.000000 0.368339 0.400000 0.400000 0.400000
664.773499 0.000000 1446.459961 0.000000 0.995869 0.000000 -0.090800 0.400000 0.400000 0.400000
657.977905 0.000000 1456.588013 0.000000 0.990493 0.000000 0.137561 0.400000 0.400000 0.400000
662.195557 0.000000 1452.613281 0.000000 0.577209 0.000000 -0.816597 0.400000 0.400000 0.400000
656.781311 0.000000 1452.456055 0.000000 0.191185 0.000000 0.981554 0.400000 0.400000 0.400000
663.192261 0.000000 1455.592407 0.000000 0.376817 0.000000 -0.926288 0.400000 0.400000 0.400000
659.440613 0.000000 1453.694580 0.000000 0.971922 0.000000 0.235302 0.400000 0.400000 0.400000
662.195557 0.000000 1458.609375 0.000000 0.999945 0.000000 -0.010445 0.400000 0.400000 0.400000
665.970093 0.000000 1456.588013 0.000000 0.691971 0.000000 0.721925 0.400000 0.400000 0.400000
670.187744 0.000000 1452.613281 0.000000 0.766556 0.000000 0.642177 0.400000 0.400000 0.400000
664.773499 0.000000 1452.456055 0.000000 0.754491 0.000000 0.656310 0.400000 0.400000 0.400000
671.184448 0.000000 1455.592407 0.000000 0.299704 0.000000 0.954032 0.400000 0.400000 0.400000
665.970093 0.000000 1462.584106 0.000000 0.973073 0.000000 0.230498 0.400000 0.400000 0.400000
670.187744 0.000000 1458.609375 0.000000 0.961531 0.000000 -0.274695 0.400000 0.400000 0.400000
664.773499 0.000000 1458.452148 0.000000 0.671270 0.000000 -0.741213 0.400000 0.400000 0.400000
671.184448 0.000000 1461.588501 0.000000 0.380517 0.000000 0.924774 0.400000 0.400000 0.400000
662.195557 0.000000 1464.605469 0.000000 0.396097 0.000000 -0.918208 0.400000 0.400000 0.400000
665.970093 0.000000 1468.580200 0.000000 0.907050 0.000000 0.421022 0.400000 0.400000 0.400000
670.187744 0.000000 1464.605469 0.000000 0.554535 0.000000 0.832161 0.400000 0.400000 0.400000
664.773499 0.000000 1464.448242 0.000000 0.417710 0.000000 -0.908580 0.400000 0.400000 0.400000
673.962280 0.000000 1450.591919 0.000000 0.542450 0.000000 0.840088 0.400000 0.400000 0.400000
687.168823 0.000000 1443.600220 0.000000 0.327277 0.000000 -0.944929 0.400000 0.400000 0.400000
673.962280 0.000000 1456.588013 0.000000 0.922639 0.000000 -0.385665 0.400000 0.400000 0.400000
672.765686 0.000000 1452.456055 0.000000 0.840685 0.000000 0.541525 0.400000 0.400000 0.400000
673.962280 0.000000 1462.584106 0.000000 0.957906 0.000000 0.287081 0.400000 0.400000 0.400000
678.179932 0.000000 1458.609375 0.000000 0.311577 0.000000 0.950221 0.400000 0.400000 0.400000
672.765686 0.000000 1458.452148 0.000000 0.662652 0.000000 0.748928 0.400000 0.400000 0.400000
681.954468 0.000000 1456.588013 0.000000 0.747191 0.000000 -0.664609 0.400000 0.400000 0.400000
686.172119 0.000000 1452.613281 0.000000 0.981901 0.000000 0.189392 0.400000 0.400000 0.400000
681.954468 0.000000 1462.584106 0.000000 0.963125 0.000000 0.269056 0.400000 0.400000 0.400000
686.172119 0.000000 1458.609375 0.000000 0.232099 0.000000 0.972692 0.400000 0.400000 0.400000
695.161011 0.000000 1443.600220 0.000000 0.883057 0.000000 -0.469265 0.400000 0.400000 0.400000
691.409363 0.000000 1441.702393 0.000000 0.233444 0.000000 0.972370 0.400000 0.400000 0.400000
694.164307 0.000000 1446.617188 0.000000 0.193439 0.000000 -0.981112 0.400000 0.400000 0.400000
688.750061 0.000000 1446.459961 0.000000 0.938753 0.000000 -0.344591 0.400000 0.400000 0.400000
695.161011 0.000000 1449.596313 0.000000 0.004691 0.000000 -0.999989 0.400000 0.400000 0.400000
702.156494 0.000000 1440.621094 0.000000 0.718365 0.000000 0.695667 0.400000 0.400000 0.400000
696.742249 0.000000 1440.463867 0.000000 0.725609 0.000000 0.688107 0.400000 0.400000 0.400000
703.153198 0.000000 1443.600220 0.000000 0.388084 0.000000 0.921624 0.400000 0.400000 0.400000
699.401550 0.000000 1441.702393 0.000000 0.977780 0.000000 0.209634 0.400000 0.400000 0.400000
697.938843 0.000000 1450.591919 0.000000 0.026420 0.000000 -0.999651 0.400000 0.400000 0.400000
702.156494 0.000000 1446.617188 0.000000 0.615962 0.000000 0.787776 0.400000 0.400000 0.400000
696.742249 0.000000 1446.459961 0.000000 0.081311 0.000000 0.996689 0.400000 0.400000 0.400000
689.946655 0.000000 1456.588013 0.000000 0.541589 0.000000 0.840644 0.400000 0.400000 0.400000
688.750061 0.000000 1452.456055 0.000000 0.625410 0.000000 0.780296 0.400000 0.400000 0.400000
673.962280 0.000000 1468.580200 0.000000 0.805835 0.000000 -0.592141 0.400000 0.400000 0.400000
678.179932 0.000000 1464.605469 0.000000 0.983246 0.000000 -0.182285 0.400000 0.400000 0.400000
672.765686 0.000000 1464.448242 0.000000 0.498907 0.000000 -0.866656 0.400000 0.400000 0.400000
697.938843 0.000000 1468.580200 0.000000 0.646636 0.000000 -0.762799 0.400000 0.400000 0.400000
705.931030 0.000000 1444.595825 0.000000 0.975130 0.000000 -0.221636 0.400000 0.400000 0.400000
713.923218 0.000000 1456.588013 0.000000 0.761668 0.000000 -0.647967 0.400000 0.400000 0.400000
713.923218 0.000000 1462.584106 0.000000 0.487126 0.000000 0.873332 0.400000 0.400000 0.400000
726.133057 0.000000 1440.621094 0.000000 0.392252 0.000000 -0.919858 0.400000 0.400000 0.400000
726.133057 0.000000 1446.617188 0.000000 0.724310 0.000000 0.689475 0.400000 0.400000 0.400000
729.907593 0.000000 1444.595825 0.000000 0.908422 0.000000 -0.418055 0.400000 0.400000 0.400000
734.125244 0.000000 1440.621094 0.000000 0.864795 0.000000 0.502124 0.400000 0.400000 0.400000
728.710999 0.000000 1440.463867 0.000000 0.521197 0.000000 0.853437 0.400000 0.400000 0.400000
729.907593 0.000000 1450.591919 0.000000 0.998780 0.000000 0.049383 0.400000 0.400000 0.400000
734.125244 0.000000 1446.617188 0.000000 0.830439 0.000000 0.557110 0.400000 0.400000 0.400000
721.915405 0.000000 1456.588013 0.000000 0.429316 0.000000 -0.903154 0.400000 0.400000 0.400000
721.915405 0.000000 1462.584106 0.000000 0.998633 0.000000 -0.052264 0.400000 0.400000 0.400000
729.907593 0.000000 1456.588013 0.000000 0.437035 0.000000 -0.899445 0.400000 0.400000 0.400000
729.907593 0.000000 1462.584106 0.000000 0.318108 0.000000 0.948054 0.400000 0.400000 0.400000
718.140869 0.000000 1464.605469 0.000000 0.658118 0.000000 -0.752915 0.400000 0.400000 0.400000
718.140869 0.000000 1476.597656 0.000000 0.829504 0.000000 -0.558500 0.400000 0.400000 0.400000
721.915405 0.000000 1468.580200 0.000000 0.980920 0.000000 0.194410 0.400000 0.400000 0.400000
726.133057 0.000000 1464.605469 0.000000 0.568651 0.000000 -0.822579 0.400000 0.400000 0.400000
721.915405 0.000000 1474.576294 0.000000 0.999809 0.000000 0.019526 0.400000 0.400000 0.400000
726.133057 0.000000 1470.601562 0.000000 0.774147 0.000000 0.633006 0.400000 0.400000 0.400000
729.907593 0.000000 1468.580200 0.000000 0.454262 0.000000 0.890868 0.400000 0.400000 0.400000
721.915405 0.000000 1480.572388 0.000000 0.986615 0.000000 -0.163064 0.400000 0.400000 0.400000
737.899780 0.000000 1450.591919 0.000000 0.378541 0.000000 0.925585 0.400000 0.400000 0.400000
758.101807 0.000000 1440.621094 0.000000 0.582703 0.000000 0.812685 0.400000 0.400000 0.400000
761.876343 0.000000 1462.584106 0.000000 0.864410 0.000000 0.502787 0.400000 0.400000 0.400000
769.868530 0.000000 1342.662231 0.000000 0.899382 0.000000 0.437163 0.400000 0.400000 0.400000
769.868530 0.000000 1348.658325 0.000000 0.981438 0.000000 -0.191781 0.400000 0.400000 0.400000
769.868530 0.000000 1354.654419 0.000000 0.519218 0.000000 0.854642 0.400000 0.400000 0.400000
768.671936 0.000000 1356.518555 0.000000 0.461371 0.000000 -0.887207 0.400000 0.400000 0.400000
857.782593 0.000000 1432.603638 0.000000 0.988128 0.000000 0.153634 0.400000 0.400000 0.400000
857.782593 0.000000 1438.599731 0.000000 0.440762 0.000000 0.897624 0.400000 0.400000 0.400000
865.774780 0.000000 1432.603638 0.000000 0.386705 0.000000 0.922203 0.400000 0.400000 0.400000
865.774780 0.000000 1438.599731 0.000000 0.864608 0.000000 -0.502447 0.400000 0.400000 0.400000
873.766968 0.000000 1432.603638 0.000000 0.508602 0.000000 -0.861002 0.400000 0.400000 0.400000
873.766968 0.000000 1438.599731 0.000000 0.999745 0.000000 -0.022590 0.400000 0.400000 0.400000
881.759155 0.000000 1438.599731 0.000000 0.806874 0.000000 -0.590724 0.400000 0.400000 0.400000
769.868530 0.000000 1462.584106 0.000000 0.936019 0.000000 0.351950 0.400000 0.400000 0.400000
857.782593 0.000000 1444.595825 0.000000 0.089984 0.000000 -0.995943 0.400000 0.400000 0.400000
862.000244 0.000000 1440.621094 0.000000 0.974596 0.000000 -0.223969 0.400000 0.400000 0.400000
857.782593 0.000000 1450.591919 0.000000 0.578159 0.000000 0.815924 0.400000 0.400000 0.400000
862.000244 0.000000 1446.617188 0.000000 0.541794 0.000000 -0.840511 0.400000 0.400000 0.400000
857.782593 0.000000 1456.588013 0.000000 0.943431 0.000000 -0.331570 0.400000 0.400000 0.400000
862.000244 0.000000 1452.613281 0.000000 0.201445 0.000000 -0.979500 0.400000 0.400000 0.400000
865.774780 0.000000 1444.595825 0.000000 0.171419 0.000000 0.985198 0.400000 0.400000 0.400000
869.992432 0.000000 1440.621094 0.000000 0.119830 0.000000 0.992794 0.400000 0.400000 0.400000
865.774780 0.000000 1450.591919 0.000000 0.916461 0.000000 0.400125 0.400000 0.400000 0.400000
869.992432 0.000000 1446.617188 0.000000 0.772955 0.000000 0.634461 0.400000 0.400000 0.400000
873.766968 0.000000 1444.595825 0.000000 0.999145 0.000000 0.041353 0.400000 0.400000 0.400000
873.766968 0.000000 1450.591919 0.000000 0.653889 0.000000 0.756590 0.400000 0.400000 0.400000
877.984619 0.000000 1446.617188 0.000000 0.292400 0.000000 0.956296 0.400000 0.400000 0.400000
865.774780 0.000000 1456.588013 0.000000 0.601400 0.000000 0.798948 0.400000 0.400000 0.400000
869.992432 0.000000 1452.613281 0.000000 0.138011 0.000000 0.990431 0.400000 0.400000 0.400000
865.774780 0.000000 1462.584106 0.000000 0.887744 0.000000 0.460338 0.400000 0.400000 0.400000
873.766968 0.000000 1456.588013 0.000000 0.736047 0.000000 0.676930 0.400000 0.400000 0.400000
877.984619 0.000000 1452.613281 0.000000 0.344820 0.000000 -0.938669 0.400000 0.400000 0.400000
873.766968 0.000000 1462.584106 0.000000 0.478427 0.000000 0.878127 0.400000 0.400000 0.400000
881.759155 0.000000 1444.595825 0.000000 0.589881 0.000000 -0.807490 0.400000 0.400000 0.400000
881.759155 0.000000 1450.591919 0.000000 0.425374 0.000000 0.905018 0.400000 0.400000 0.400000
889.751343 0.000000 1444.595825 0.000000 0.417071 0.000000 -0.908874 0.400000 0.400000 0.400000
889.751343 0.000000 1450.591919 0.000000 0.984119 0.000000 0.177509 0.400000 0.400000 0.400000
881.759155 0.000000 1456.588013 0.000000 0.503737 0.000000 0.863857 0.400000 0.400000 0.400000
881.759155 0.000000 1462.584106 0.000000 0.513874 0.000000 -0.857866 0.400000 0.400000 0.400000
889.751343 0.000000 1456.588013 0.000000 0.154501 0.000000 -0.987993 0.400000 0.400000 0.400000
889.751343 0.000000 1462.584106 0.000000 0.457910 0.000000 -0.888998 0.400000 0.400000 0.400000
897.743530 0.000000 1456.588013 0.000000 0.507814 0.000000 -0.861467 0.400000 0.400000 0.400000
"}
