object={
	name="tree_leaf_high_generator_2_0"
	render_pass=Map
	clamp_to_water_level=no
	generated_content=yes
	layer="tree_high_layer"
	pdxmesh="tree_leaf_01_b_mesh"
	count=585
	transform="542.312744 0.000000 1098.843750 0.000000 0.678383 0.000000 0.734708 0.387226 0.387226 0.387226
546.087280 0.000000 1096.822388 0.000000 0.558383 0.000000 0.829583 0.389253 0.389253 0.389253
530.102905 0.000000 1108.814575 0.000000 0.963670 0.000000 -0.267095 0.402970 0.402970 0.402970
534.320557 0.000000 1104.839844 0.000000 0.361343 0.000000 0.932433 0.379610 0.379610 0.379610
543.309448 0.000000 1107.818970 0.000000 0.270792 0.000000 0.962638 0.352093 0.352093 0.352093
536.898499 0.000000 1110.678711 0.000000 0.727030 0.000000 -0.686606 0.423051 0.423051 0.423051
530.102905 0.000000 1120.806763 0.000000 0.637803 0.000000 -0.770199 0.407901 0.407901 0.407901
534.320557 0.000000 1122.828125 0.000000 0.777934 0.000000 0.628346 0.389144 0.389144 0.389144
536.898499 0.000000 1116.674805 0.000000 0.488043 0.000000 -0.872820 0.432314 0.432314 0.432314
543.309448 0.000000 1119.811157 0.000000 0.352108 0.000000 0.935959 0.349209 0.349209 0.349209
551.301636 0.000000 1107.818970 0.000000 0.996140 0.000000 -0.087781 0.403335 0.403335 0.403335
547.549988 0.000000 1111.917236 0.000000 0.852982 0.000000 -0.521941 0.427693 0.427693 0.427693
543.586182 0.000000 1113.479614 0.000000 0.858197 0.000000 0.513321 0.373623 0.373623 0.373623
558.297119 0.000000 1104.839844 0.000000 0.080080 0.000000 -0.996788 0.423817 0.423817 0.423817
552.882874 0.000000 1104.682617 0.000000 0.715915 0.000000 0.698188 0.376846 0.376846 0.376846
551.578369 0.000000 1113.479614 0.000000 0.185914 0.000000 0.982566 0.335051 0.335051 0.335051
551.301636 0.000000 1119.811157 0.000000 0.210363 0.000000 -0.977623 0.452922 0.452922 0.452922
547.549988 0.000000 1117.913330 0.000000 0.665179 0.000000 0.746684 0.358747 0.358747 0.358747
544.890686 0.000000 1122.670898 0.000000 0.965695 0.000000 -0.259680 0.408526 0.408526 0.408526
558.297119 0.000000 1116.832031 0.000000 0.651941 0.000000 0.758269 0.381092 0.381092 0.381092
552.882874 0.000000 1122.670898 0.000000 0.089711 0.000000 0.995968 0.363027 0.363027 0.363027
562.071655 0.000000 1108.814575 0.000000 0.086513 0.000000 -0.996251 0.414821 0.414821 0.414821
562.071655 0.000000 1114.810669 0.000000 0.149605 0.000000 0.988746 0.384395 0.384395 0.384395
657.977905 0.000000 1102.818481 0.000000 0.977024 0.000000 0.213128 0.398284 0.398284 0.398284
649.985718 0.000000 1108.814575 0.000000 0.906792 0.000000 -0.421578 0.404346 0.404346 0.404346
654.203369 0.000000 1110.835938 0.000000 0.394275 0.000000 -0.918993 0.422114 0.422114 0.422114
641.993530 0.000000 1120.806763 0.000000 0.788577 0.000000 -0.614936 0.405291 0.405291 0.405291
646.211182 0.000000 1122.828125 0.000000 0.905973 0.000000 -0.423336 0.406766 0.406766 0.406766
662.195557 0.000000 1110.835938 0.000000 0.916770 0.000000 0.399414 0.391794 0.391794 0.391794
656.781311 0.000000 1116.674805 0.000000 0.594356 0.000000 -0.804202 0.426125 0.426125 0.426125
663.192261 0.000000 1119.811157 0.000000 0.321639 0.000000 -0.946862 0.437869 0.437869 0.437869
663.192261 0.000000 1125.807251 0.000000 0.545275 0.000000 -0.838257 0.434248 0.434248 0.434248
664.773499 0.000000 1116.674805 0.000000 0.586360 0.000000 0.810051 0.374069 0.374069 0.374069
664.773499 0.000000 1122.670898 0.000000 0.369081 0.000000 -0.929397 0.439903 0.439903 0.439903
671.184448 0.000000 1125.807251 0.000000 0.571372 0.000000 -0.820691 0.432203 0.432203 0.432203
649.985718 0.000000 1138.795044 0.000000 0.563958 0.000000 -0.825803 0.408247 0.408247 0.408247
654.203369 0.000000 1134.820312 0.000000 0.288716 0.000000 -0.957415 0.428075 0.428075 0.428075
656.781311 0.000000 1128.666992 0.000000 0.743315 0.000000 -0.668941 0.421953 0.421953 0.421953
663.192261 0.000000 1131.803345 0.000000 0.927644 0.000000 -0.373466 0.414906 0.414906 0.414906
656.781311 0.000000 1134.663086 0.000000 0.217376 0.000000 0.976088 0.366255 0.366255 0.366255
663.192261 0.000000 1137.799438 0.000000 0.924576 0.000000 0.380997 0.386143 0.386143 0.386143
671.184448 0.000000 1131.803345 0.000000 0.002953 0.000000 -0.999996 0.465758 0.465758 0.465758
667.432800 0.000000 1129.905518 0.000000 0.757838 0.000000 -0.652443 0.429103 0.429103 0.429103
671.184448 0.000000 1137.799438 0.000000 0.586548 0.000000 -0.809915 0.441008 0.441008 0.441008
667.432800 0.000000 1135.901611 0.000000 0.991376 0.000000 -0.131049 0.405447 0.405447 0.405447
662.195557 0.000000 1146.812500 0.000000 0.240838 0.000000 -0.970565 0.423200 0.423200 0.423200
664.773499 0.000000 1140.659180 0.000000 0.085563 0.000000 -0.996333 0.448942 0.448942 0.448942
671.184448 0.000000 1143.795532 0.000000 0.504532 0.000000 0.863393 0.359940 0.359940 0.359940
673.962280 0.000000 1108.814575 0.000000 0.270881 0.000000 -0.962613 0.411005 0.411005 0.411005
678.179932 0.000000 1122.828125 0.000000 0.085421 0.000000 0.996345 0.373302 0.373302 0.373302
672.765686 0.000000 1122.670898 0.000000 0.998727 0.000000 0.050447 0.398589 0.398589 0.398589
689.946655 0.000000 1126.802856 0.000000 0.750268 0.000000 0.661134 0.392065 0.392065 0.392065
679.176636 0.000000 1131.803345 0.000000 0.785356 0.000000 -0.619045 0.421998 0.421998 0.421998
675.424988 0.000000 1135.901611 0.000000 0.947647 0.000000 0.319319 0.386206 0.386206 0.386206
686.172119 0.000000 1128.824219 0.000000 0.015553 0.000000 -0.999879 0.424850 0.424850 0.424850
680.757874 0.000000 1128.666992 0.000000 0.995742 0.000000 -0.092186 0.402351 0.402351 0.402351
679.176636 0.000000 1143.795532 0.000000 0.994595 0.000000 0.103826 0.396520 0.396520 0.396520
675.424988 0.000000 1141.897705 0.000000 0.865040 0.000000 -0.501704 0.422043 0.422043 0.422043
672.765686 0.000000 1146.655273 0.000000 0.568833 0.000000 0.822453 0.372033 0.372033 0.372033
680.757874 0.000000 1140.659180 0.000000 0.920312 0.000000 -0.391186 0.413245 0.413245 0.413245
686.172119 0.000000 1146.812500 0.000000 0.168296 0.000000 -0.985736 0.423096 0.423096 0.423096
680.757874 0.000000 1146.655273 0.000000 0.197911 0.000000 0.980220 0.365758 0.365758 0.365758
689.946655 0.000000 1150.787231 0.000000 0.380098 0.000000 0.924946 0.389976 0.389976 0.389976
634.001343 0.000000 1336.666138 0.000000 0.905581 0.000000 -0.424174 0.404593 0.404593 0.404593
638.218994 0.000000 1338.687500 0.000000 0.972505 0.000000 0.232882 0.395892 0.395892 0.395892
681.954468 0.000000 1234.732544 0.000000 0.867740 0.000000 -0.497018 0.405454 0.405454 0.405454
687.168823 0.000000 1239.733032 0.000000 0.357647 0.000000 -0.933857 0.448135 0.448135 0.448135
687.168823 0.000000 1245.729126 0.000000 0.962230 0.000000 0.272238 0.387747 0.387747 0.387747
694.164307 0.000000 1224.761719 0.000000 0.885636 0.000000 0.464380 0.389149 0.389149 0.389149
688.750061 0.000000 1230.600586 0.000000 0.501521 0.000000 -0.865146 0.428710 0.428710 0.428710
692.621399 0.000000 1234.427368 0.000000 0.313061 0.000000 0.949733 0.331839 0.331839 0.331839
696.742249 0.000000 1224.604492 0.000000 0.674880 0.000000 -0.737927 0.422379 0.422379 0.422379
703.153198 0.000000 1227.740845 0.000000 0.997936 0.000000 -0.064222 0.402599 0.402599 0.402599
699.401550 0.000000 1231.839111 0.000000 0.188112 0.000000 -0.982148 0.473121 0.473121 0.473121
695.437744 0.000000 1233.401489 0.000000 0.996614 0.000000 -0.082225 0.404275 0.404275 0.404275
700.613586 0.000000 1234.427368 0.000000 0.053647 0.000000 -0.998560 0.502264 0.502264 0.502264
691.409363 0.000000 1237.835205 0.000000 0.940504 0.000000 0.339782 0.381478 0.381478 0.381478
692.621399 0.000000 1240.423462 0.000000 0.995192 0.000000 0.097939 0.393143 0.393143 0.393143
692.621399 0.000000 1246.419556 0.000000 0.847196 0.000000 -0.531281 0.438315 0.438315 0.438315
691.801819 0.000000 1241.214355 0.000000 0.718042 0.000000 -0.696000 0.447662 0.447662 0.447662
695.437744 0.000000 1239.397583 0.000000 0.617045 0.000000 0.786928 0.336681 0.336681 0.336681
699.794006 0.000000 1235.218262 0.000000 0.777071 0.000000 -0.629413 0.444191 0.444191 0.444191
699.401550 0.000000 1243.831299 0.000000 0.499528 0.000000 -0.866298 0.484227 0.484227 0.484227
695.437744 0.000000 1245.393677 0.000000 0.950710 0.000000 0.310081 0.376229 0.376229 0.376229
713.923218 0.000000 1216.744263 0.000000 0.494754 0.000000 -0.869033 0.409992 0.409992 0.409992
704.734436 0.000000 1224.604492 0.000000 0.112728 0.000000 0.993626 0.353414 0.353414 0.353414
711.145386 0.000000 1227.740845 0.000000 0.266636 0.000000 0.963797 0.354532 0.354532 0.354532
707.393738 0.000000 1231.839111 0.000000 0.263996 0.000000 0.964524 0.329701 0.329701 0.329701
703.429932 0.000000 1233.401489 0.000000 0.323119 0.000000 0.946358 0.319396 0.319396 0.319396
708.605774 0.000000 1234.427368 0.000000 0.138027 0.000000 0.990428 0.314894 0.314894 0.314894
718.140869 0.000000 1224.761719 0.000000 0.527933 0.000000 -0.849286 0.418238 0.418238 0.418238
712.726624 0.000000 1224.604492 0.000000 0.778502 0.000000 0.627642 0.382044 0.382044 0.382044
711.422119 0.000000 1233.401489 0.000000 0.834140 0.000000 0.551553 0.370829 0.370829 0.370829
703.429932 0.000000 1239.397583 0.000000 0.737910 0.000000 -0.674899 0.456225 0.456225 0.456225
708.605774 0.000000 1240.423462 0.000000 0.216652 0.000000 0.976249 0.316266 0.316266 0.316266
707.786194 0.000000 1235.218262 0.000000 0.976727 0.000000 -0.214487 0.413816 0.413816 0.413816
703.429932 0.000000 1245.393677 0.000000 0.208904 0.000000 0.977936 0.289964 0.289964 0.289964
708.605774 0.000000 1246.419556 0.000000 0.117400 0.000000 0.993085 0.308580 0.308580 0.308580
719.137573 0.000000 1239.733032 0.000000 0.994268 0.000000 -0.106915 0.403691 0.403691 0.403691
715.385925 0.000000 1237.835205 0.000000 0.055250 0.000000 0.998473 0.334166 0.334166 0.334166
711.422119 0.000000 1239.397583 0.000000 0.941803 0.000000 0.336164 0.380656 0.380656 0.380656
719.137573 0.000000 1245.729126 0.000000 0.955762 0.000000 0.294141 0.388820 0.388820 0.388820
715.385925 0.000000 1243.831299 0.000000 0.969057 0.000000 -0.246837 0.411831 0.411831 0.411831
711.422119 0.000000 1245.393677 0.000000 0.650528 0.000000 0.759482 0.350474 0.350474 0.350474
729.907593 0.000000 1234.732544 0.000000 0.998299 0.000000 -0.058306 0.400612 0.400612 0.400612
720.718811 0.000000 1236.596680 0.000000 0.770045 0.000000 0.637989 0.380999 0.380999 0.380999
726.133057 0.000000 1242.750000 0.000000 0.658395 0.000000 -0.752672 0.414891 0.414891 0.414891
720.718811 0.000000 1242.592773 0.000000 0.640704 0.000000 0.767788 0.374649 0.374649 0.374649
665.970093 0.000000 1294.693481 0.000000 0.825932 0.000000 -0.563770 0.406579 0.406579 0.406579
687.168823 0.000000 1251.725220 0.000000 0.590913 0.000000 0.806735 0.363914 0.363914 0.363914
687.168823 0.000000 1263.717407 0.000000 0.997934 0.000000 0.064253 0.398042 0.398042 0.398042
687.168823 0.000000 1269.713501 0.000000 0.332203 0.000000 0.943208 0.357549 0.357549 0.357549
692.621399 0.000000 1252.415649 0.000000 0.848933 0.000000 -0.528501 0.435588 0.435588 0.435588
691.409363 0.000000 1255.823486 0.000000 0.949234 0.000000 -0.314572 0.416458 0.416458 0.416458
695.437744 0.000000 1251.389771 0.000000 0.999872 0.000000 -0.016015 0.401168 0.401168 0.401168
695.437744 0.000000 1257.385864 0.000000 0.061045 0.000000 -0.998135 0.495734 0.495734 0.495734
700.613586 0.000000 1258.411743 0.000000 0.210637 0.000000 0.977564 0.312493 0.312493 0.312493
691.409363 0.000000 1261.819580 0.000000 0.663496 0.000000 -0.748180 0.435876 0.435876 0.435876
691.409363 0.000000 1267.815674 0.000000 0.688319 0.000000 -0.725409 0.436473 0.436473 0.436473
695.437744 0.000000 1263.381958 0.000000 0.772064 0.000000 0.635545 0.362517 0.362517 0.362517
700.613586 0.000000 1264.407837 0.000000 0.334900 0.000000 -0.942254 0.472428 0.472428 0.472428
699.794006 0.000000 1259.202637 0.000000 0.571976 0.000000 0.820271 0.338524 0.338524 0.338524
695.437744 0.000000 1269.378052 0.000000 0.264539 0.000000 -0.964375 0.468317 0.468317 0.468317
700.613586 0.000000 1270.403931 0.000000 0.933524 0.000000 -0.358514 0.420322 0.420322 0.420322
673.962280 0.000000 1276.705200 0.000000 0.667295 0.000000 0.744793 0.392029 0.392029 0.392029
678.179932 0.000000 1272.730469 0.000000 0.614893 0.000000 -0.788611 0.414063 0.414063 0.414063
673.962280 0.000000 1282.701294 0.000000 0.915695 0.000000 -0.401873 0.404336 0.404336 0.404336
678.179932 0.000000 1278.726562 0.000000 0.151231 0.000000 -0.988499 0.423381 0.423381 0.423381
687.168823 0.000000 1275.709595 0.000000 0.708192 0.000000 0.706020 0.372994 0.372994 0.372994
678.179932 0.000000 1290.718750 0.000000 0.931997 0.000000 -0.362467 0.406112 0.406112 0.406112
691.409363 0.000000 1273.811768 0.000000 0.082623 0.000000 0.996581 0.336844 0.336844 0.336844
695.161011 0.000000 1281.705688 0.000000 0.583175 0.000000 0.812346 0.358812 0.358812 0.358812
691.409363 0.000000 1279.807861 0.000000 0.991955 0.000000 -0.126594 0.405007 0.405007 0.405007
699.401550 0.000000 1273.811768 0.000000 0.755304 0.000000 -0.655375 0.437469 0.437469 0.437469
695.437744 0.000000 1275.374146 0.000000 0.036642 0.000000 -0.999328 0.472771 0.472771 0.472771
703.153198 0.000000 1281.705688 0.000000 0.684288 0.000000 -0.729212 0.435498 0.435498 0.435498
699.401550 0.000000 1279.807861 0.000000 0.910917 0.000000 -0.412590 0.419961 0.419961 0.419961
688.750061 0.000000 1284.565430 0.000000 0.920470 0.000000 -0.390814 0.412430 0.412430 0.412430
695.161011 0.000000 1287.701782 0.000000 0.907807 0.000000 -0.419388 0.415774 0.415774 0.415774
688.750061 0.000000 1290.561523 0.000000 0.645125 0.000000 -0.764077 0.423447 0.423447 0.423447
703.153198 0.000000 1287.701782 0.000000 0.940212 0.000000 0.340589 0.386638 0.386638 0.386638
699.401550 0.000000 1285.803955 0.000000 0.572542 0.000000 -0.819875 0.439355 0.439355 0.439355
696.742249 0.000000 1290.561523 0.000000 0.196781 0.000000 -0.980447 0.445923 0.445923 0.445923
703.153198 0.000000 1293.697876 0.000000 0.019982 0.000000 -0.999800 0.451881 0.451881 0.451881
657.977905 0.000000 1300.689575 0.000000 0.910272 0.000000 0.414010 0.396590 0.396590 0.396590
662.195557 0.000000 1302.710938 0.000000 0.962802 0.000000 0.270209 0.394126 0.394126 0.394126
664.773499 0.000000 1302.553711 0.000000 0.468014 0.000000 0.883721 0.372402 0.372402 0.372402
671.184448 0.000000 1305.690063 0.000000 0.056185 0.000000 -0.998420 0.459743 0.459743 0.459743
657.977905 0.000000 1318.677856 0.000000 0.606469 0.000000 -0.795107 0.408720 0.408720 0.408720
667.432800 0.000000 1309.788330 0.000000 0.859330 0.000000 0.511421 0.378556 0.378556 0.378556
671.184448 0.000000 1317.682251 0.000000 0.862509 0.000000 0.506042 0.378541 0.378541 0.378541
667.432800 0.000000 1315.784424 0.000000 0.685329 0.000000 -0.728233 0.430955 0.430955 0.430955
646.211182 0.000000 1332.691406 0.000000 0.469987 0.000000 -0.882673 0.419980 0.419980 0.419980
647.207886 0.000000 1341.666626 0.000000 0.308957 0.000000 -0.951076 0.439531 0.439531 0.439531
655.200073 0.000000 1335.670532 0.000000 0.995261 0.000000 0.097237 0.396791 0.396791 0.396791
648.789124 0.000000 1338.530273 0.000000 0.945190 0.000000 0.326521 0.389039 0.389039 0.389039
657.977905 0.000000 1324.673950 0.000000 0.610748 0.000000 0.791825 0.390875 0.390875 0.390875
662.195557 0.000000 1320.699219 0.000000 0.685693 0.000000 -0.727891 0.416689 0.416689 0.416689
662.195557 0.000000 1326.695312 0.000000 0.042618 0.000000 -0.999091 0.426706 0.426706 0.426706
664.773499 0.000000 1320.541992 0.000000 0.731100 0.000000 -0.682271 0.418746 0.418746 0.418746
671.184448 0.000000 1323.678345 0.000000 0.933394 0.000000 -0.358853 0.412279 0.412279 0.412279
671.184448 0.000000 1329.674438 0.000000 0.616857 0.000000 -0.787075 0.428954 0.428954 0.428954
656.781311 0.000000 1332.534180 0.000000 0.200501 0.000000 -0.979693 0.438277 0.438277 0.438277
663.192261 0.000000 1335.670532 0.000000 0.354211 0.000000 -0.935166 0.450696 0.450696 0.450696
659.440613 0.000000 1339.768799 0.000000 0.001880 0.000000 0.999998 0.319312 0.319312 0.319312
655.476807 0.000000 1341.331177 0.000000 0.573494 0.000000 0.819209 0.351106 0.351106 0.351106
660.652649 0.000000 1342.357056 0.000000 0.934632 0.000000 -0.355616 0.422692 0.422692 0.422692
667.432800 0.000000 1333.772705 0.000000 0.122599 0.000000 0.992456 0.343610 0.343610 0.343610
663.468994 0.000000 1341.331177 0.000000 0.563310 0.000000 -0.826245 0.459235 0.459235 0.459235
668.644836 0.000000 1342.357056 0.000000 0.115405 0.000000 -0.993318 0.495180 0.495180 0.495180
672.765686 0.000000 1296.557617 0.000000 0.453382 0.000000 -0.891316 0.427468 0.427468 0.427468
679.176636 0.000000 1299.693970 0.000000 0.905938 0.000000 -0.423411 0.413971 0.413971 0.413971
679.176636 0.000000 1305.690063 0.000000 0.556502 0.000000 -0.830847 0.443578 0.443578 0.443578
675.424988 0.000000 1303.792236 0.000000 0.948951 0.000000 -0.315424 0.412979 0.412979 0.412979
680.757874 0.000000 1296.557617 0.000000 0.103303 0.000000 -0.994650 0.439563 0.439563 0.439563
687.168823 0.000000 1305.690063 0.000000 0.679670 0.000000 -0.733518 0.429604 0.429604 0.429604
683.417175 0.000000 1303.792236 0.000000 0.995716 0.000000 -0.092467 0.403514 0.403514 0.403514
675.424988 0.000000 1309.788330 0.000000 0.655669 0.000000 -0.755049 0.442300 0.442300 0.442300
671.461182 0.000000 1311.350708 0.000000 0.551768 0.000000 0.833997 0.353707 0.353707 0.353707
679.176636 0.000000 1317.682251 0.000000 0.596023 0.000000 0.802967 0.357641 0.357641 0.357641
675.424988 0.000000 1315.784424 0.000000 0.976942 0.000000 0.213506 0.389686 0.389686 0.389686
687.168823 0.000000 1311.686157 0.000000 0.594402 0.000000 -0.804168 0.435453 0.435453 0.435453
683.417175 0.000000 1309.788330 0.000000 0.914733 0.000000 -0.404059 0.418277 0.418277 0.418277
679.453369 0.000000 1311.350708 0.000000 0.803031 0.000000 -0.595937 0.432196 0.432196 0.432196
687.168823 0.000000 1317.682251 0.000000 0.173449 0.000000 -0.984843 0.449506 0.449506 0.449506
683.417175 0.000000 1315.784424 0.000000 0.997536 0.000000 0.070159 0.396985 0.396985 0.396985
688.750061 0.000000 1296.557617 0.000000 0.912373 0.000000 -0.409360 0.411582 0.411582 0.411582
688.750061 0.000000 1302.553711 0.000000 0.605898 0.000000 0.795543 0.369226 0.369226 0.369226
695.161011 0.000000 1305.690063 0.000000 0.238756 0.000000 0.971080 0.355516 0.355516 0.355516
696.742249 0.000000 1296.557617 0.000000 0.304334 0.000000 -0.952565 0.434645 0.434645 0.434645
703.153198 0.000000 1299.693970 0.000000 0.505244 0.000000 -0.862977 0.432231 0.432231 0.432231
696.742249 0.000000 1302.553711 0.000000 0.749206 0.000000 0.662337 0.376866 0.376866 0.376866
703.153198 0.000000 1305.690063 0.000000 0.522645 0.000000 -0.852551 0.435171 0.435171 0.435171
695.161011 0.000000 1311.686157 0.000000 0.735028 0.000000 0.678037 0.373586 0.373586 0.373586
695.161011 0.000000 1317.682251 0.000000 0.356763 0.000000 0.934195 0.359655 0.359655 0.359655
703.153198 0.000000 1311.686157 0.000000 0.767803 0.000000 -0.640686 0.425694 0.425694 0.425694
696.742249 0.000000 1314.545898 0.000000 0.714227 0.000000 -0.699914 0.426323 0.426323 0.426323
679.176636 0.000000 1323.678345 0.000000 0.036317 0.000000 -0.999340 0.468956 0.468956 0.468956
675.424988 0.000000 1321.780518 0.000000 0.508995 0.000000 -0.860770 0.440896 0.440896 0.440896
679.176636 0.000000 1329.674438 0.000000 0.953282 0.000000 -0.302083 0.413331 0.413331 0.413331
675.424988 0.000000 1327.776611 0.000000 0.624406 0.000000 -0.781100 0.434465 0.434465 0.434465
687.168823 0.000000 1323.678345 0.000000 0.625015 0.000000 -0.780613 0.433093 0.433093 0.433093
683.417175 0.000000 1321.780518 0.000000 0.860770 0.000000 0.508995 0.378402 0.378402 0.378402
683.417175 0.000000 1327.776611 0.000000 0.386994 0.000000 0.922082 0.348440 0.348440 0.348440
675.424988 0.000000 1333.772705 0.000000 0.127348 0.000000 0.991858 0.340194 0.340194 0.340194
671.461182 0.000000 1335.335083 0.000000 0.333387 0.000000 0.942790 0.342227 0.342227 0.342227
676.637024 0.000000 1336.360962 0.000000 0.411872 0.000000 0.911242 0.338758 0.338758 0.338758
675.424988 0.000000 1339.768799 0.000000 0.947151 0.000000 0.320787 0.381575 0.381575 0.381575
671.461182 0.000000 1341.331177 0.000000 0.854586 0.000000 -0.519311 0.432717 0.432717 0.432717
676.637024 0.000000 1342.357056 0.000000 0.432641 0.000000 -0.901567 0.466188 0.466188 0.466188
683.417175 0.000000 1333.772705 0.000000 0.316356 0.000000 0.948640 0.336394 0.336394 0.336394
679.453369 0.000000 1335.335083 0.000000 0.834957 0.000000 0.550315 0.370903 0.370903 0.370903
684.629211 0.000000 1336.360962 0.000000 0.143733 0.000000 0.989616 0.318798 0.318798 0.318798
679.453369 0.000000 1341.331177 0.000000 0.293708 0.000000 -0.955895 0.473714 0.473714 0.473714
688.750061 0.000000 1320.541992 0.000000 0.942216 0.000000 0.335006 0.388572 0.388572 0.388572
695.161011 0.000000 1323.678345 0.000000 0.528013 0.000000 0.849236 0.359475 0.359475 0.359475
691.409363 0.000000 1327.776611 0.000000 0.657552 0.000000 -0.753409 0.438768 0.438768 0.438768
687.445557 0.000000 1329.338989 0.000000 0.399380 0.000000 -0.916785 0.453284 0.453284 0.453284
692.621399 0.000000 1330.364868 0.000000 0.674585 0.000000 0.738197 0.353977 0.353977 0.353977
699.401550 0.000000 1327.776611 0.000000 0.170512 0.000000 0.985356 0.324534 0.324534 0.324534
695.437744 0.000000 1329.338989 0.000000 0.022900 0.000000 -0.999738 0.485017 0.485017 0.485017
700.613586 0.000000 1330.364868 0.000000 0.215587 0.000000 -0.976485 0.481774 0.481774 0.481774
691.409363 0.000000 1333.772705 0.000000 0.426270 0.000000 0.904596 0.338477 0.338477 0.338477
687.445557 0.000000 1335.335083 0.000000 0.964775 0.000000 -0.263077 0.414223 0.414223 0.414223
692.621399 0.000000 1336.360962 0.000000 0.866383 0.000000 0.499380 0.367887 0.367887 0.367887
687.445557 0.000000 1341.331177 0.000000 0.545265 0.000000 0.838264 0.344408 0.344408 0.344408
692.621399 0.000000 1342.357056 0.000000 0.995529 0.000000 0.094452 0.394710 0.394710 0.394710
695.437744 0.000000 1335.335083 0.000000 0.990399 0.000000 -0.138240 0.408448 0.408448 0.408448
700.613586 0.000000 1336.360962 0.000000 0.631649 0.000000 0.775255 0.346846 0.346846 0.346846
695.437744 0.000000 1341.331177 0.000000 0.525613 0.000000 0.850724 0.338027 0.338027 0.338027
700.613586 0.000000 1342.357056 0.000000 0.310415 0.000000 0.950601 0.331061 0.331061 0.331061
699.794006 0.000000 1337.151855 0.000000 0.996258 0.000000 0.086428 0.394729 0.394729 0.394729
703.429932 0.000000 1251.389771 0.000000 0.654185 0.000000 -0.756334 0.465523 0.465523 0.465523
708.605774 0.000000 1252.415649 0.000000 0.753658 0.000000 -0.657267 0.445120 0.445120 0.445120
703.429932 0.000000 1257.385864 0.000000 0.902189 0.000000 0.431340 0.370829 0.370829 0.370829
708.605774 0.000000 1258.411743 0.000000 0.463380 0.000000 0.886159 0.338013 0.338013 0.338013
707.786194 0.000000 1253.206543 0.000000 0.959383 0.000000 -0.282105 0.418849 0.418849 0.418849
719.137573 0.000000 1251.725220 0.000000 0.593548 0.000000 -0.804798 0.436428 0.436428 0.436428
715.385925 0.000000 1249.827393 0.000000 0.391075 0.000000 -0.920359 0.455451 0.455451 0.455451
711.422119 0.000000 1251.389771 0.000000 0.416077 0.000000 0.909329 0.334445 0.334445 0.334445
719.137573 0.000000 1257.721313 0.000000 0.223063 0.000000 -0.974804 0.455775 0.455775 0.455775
715.385925 0.000000 1255.823486 0.000000 0.999822 0.000000 -0.018870 0.400895 0.400895 0.400895
711.422119 0.000000 1257.385864 0.000000 0.021726 0.000000 -0.999764 0.487402 0.487402 0.487402
703.429932 0.000000 1263.381958 0.000000 0.981492 0.000000 -0.191504 0.411834 0.411834 0.411834
707.393738 0.000000 1267.815674 0.000000 0.377846 0.000000 -0.925868 0.463221 0.463221 0.463221
703.429932 0.000000 1269.378052 0.000000 0.070375 0.000000 0.997521 0.316096 0.316096 0.316096
715.385925 0.000000 1261.819580 0.000000 0.660342 0.000000 -0.750965 0.441569 0.441569 0.441569
711.422119 0.000000 1263.381958 0.000000 0.946985 0.000000 0.321278 0.383342 0.383342 0.383342
716.597961 0.000000 1264.407837 0.000000 0.851228 0.000000 -0.524795 0.429517 0.429517 0.429517
715.385925 0.000000 1267.815674 0.000000 0.354011 0.000000 0.935241 0.334807 0.334807 0.334807
711.422119 0.000000 1269.378052 0.000000 0.995713 0.000000 -0.092495 0.404810 0.404810 0.404810
726.133057 0.000000 1248.746094 0.000000 0.324238 0.000000 -0.945975 0.426016 0.426016 0.426016
720.718811 0.000000 1248.588867 0.000000 0.809479 0.000000 -0.587149 0.420680 0.420680 0.420680
727.129761 0.000000 1263.717407 0.000000 0.976091 0.000000 0.217364 0.392123 0.392123 0.392123
723.378113 0.000000 1261.819580 0.000000 0.891081 0.000000 -0.453845 0.419523 0.419523 0.419523
719.414307 0.000000 1263.381958 0.000000 0.422123 0.000000 0.906539 0.343895 0.343895 0.343895
727.129761 0.000000 1269.713501 0.000000 0.310682 0.000000 0.950514 0.352380 0.352380 0.352380
723.378113 0.000000 1267.815674 0.000000 0.017843 0.000000 -0.999841 0.473663 0.473663 0.473663
719.414307 0.000000 1269.378052 0.000000 0.999925 0.000000 -0.012246 0.400648 0.400648 0.400648
728.710999 0.000000 1260.581055 0.000000 0.255222 0.000000 -0.966882 0.438016 0.438016 0.438016
734.125244 0.000000 1266.734375 0.000000 0.924945 0.000000 -0.380100 0.406425 0.406425 0.406425
707.393738 0.000000 1273.811768 0.000000 0.980196 0.000000 0.198030 0.389947 0.389947 0.389947
703.429932 0.000000 1275.374146 0.000000 0.990515 0.000000 0.137407 0.393049 0.393049 0.393049
711.145386 0.000000 1281.705688 0.000000 0.427220 0.000000 -0.904148 0.446241 0.446241 0.446241
707.393738 0.000000 1279.807861 0.000000 0.865915 0.000000 0.500192 0.376984 0.376984 0.376984
719.137573 0.000000 1275.709595 0.000000 0.815121 0.000000 0.579291 0.372852 0.372852 0.372852
715.385925 0.000000 1273.811768 0.000000 0.847213 0.000000 0.531253 0.373153 0.373153 0.373153
711.422119 0.000000 1275.374146 0.000000 0.778932 0.000000 -0.627108 0.432153 0.432153 0.432153
719.137573 0.000000 1281.705688 0.000000 0.976906 0.000000 0.213667 0.392581 0.392581 0.392581
715.385925 0.000000 1279.807861 0.000000 0.537204 0.000000 -0.843453 0.441595 0.441595 0.441595
711.145386 0.000000 1287.701782 0.000000 0.872347 0.000000 0.488888 0.382911 0.382911 0.382911
707.393738 0.000000 1285.803955 0.000000 0.616726 0.000000 -0.787178 0.434389 0.434389 0.434389
711.145386 0.000000 1293.697876 0.000000 0.248107 0.000000 0.968733 0.359134 0.359134 0.359134
712.726624 0.000000 1290.561523 0.000000 0.993632 0.000000 -0.112676 0.403496 0.403496 0.403496
727.129761 0.000000 1275.709595 0.000000 0.925985 0.000000 -0.377560 0.412952 0.412952 0.412952
723.378113 0.000000 1273.811768 0.000000 0.968194 0.000000 0.250199 0.388762 0.388762 0.388762
734.125244 0.000000 1272.730469 0.000000 0.281215 0.000000 0.959645 0.380099 0.380099 0.380099
728.710999 0.000000 1278.569336 0.000000 0.060976 0.000000 0.998139 0.363061 0.363061 0.363061
726.133057 0.000000 1284.722656 0.000000 0.351618 0.000000 -0.936144 0.427221 0.427221 0.427221
720.718811 0.000000 1284.565430 0.000000 0.529906 0.000000 -0.848056 0.429316 0.429316 0.429316
720.718811 0.000000 1290.561523 0.000000 0.383582 0.000000 0.923507 0.368849 0.368849 0.368849
737.899780 0.000000 1258.716919 0.000000 0.993289 0.000000 -0.115660 0.400984 0.400984 0.400984
737.899780 0.000000 1270.709106 0.000000 0.198798 0.000000 0.980040 0.384944 0.384944 0.384944
737.899780 0.000000 1276.705200 0.000000 0.143906 0.000000 0.989591 0.385044 0.385044 0.385044
737.899780 0.000000 1282.701294 0.000000 0.846005 0.000000 -0.533174 0.405335 0.405335 0.405335
742.117432 0.000000 1290.718750 0.000000 0.646983 0.000000 -0.762505 0.415155 0.415155 0.415155
753.884155 0.000000 1282.701294 0.000000 0.536214 0.000000 -0.844082 0.410536 0.410536 0.410536
761.876343 0.000000 1282.701294 0.000000 0.889879 0.000000 -0.456197 0.404494 0.404494 0.404494
758.101807 0.000000 1290.718750 0.000000 0.415208 0.000000 -0.909726 0.423391 0.423391 0.423391
752.687561 0.000000 1290.561523 0.000000 0.842226 0.000000 -0.539125 0.413078 0.413078 0.413078
704.734436 0.000000 1296.557617 0.000000 0.672088 0.000000 -0.740471 0.425811 0.425811 0.425811
711.145386 0.000000 1299.693970 0.000000 0.646680 0.000000 0.762762 0.373142 0.373142 0.373142
704.734436 0.000000 1302.553711 0.000000 0.997713 0.000000 0.067593 0.397771 0.397771 0.397771
711.145386 0.000000 1305.690063 0.000000 0.961911 0.000000 0.273363 0.389493 0.389493 0.389493
712.726624 0.000000 1296.557617 0.000000 0.680175 0.000000 0.733050 0.374939 0.374939 0.374939
719.137573 0.000000 1299.693970 0.000000 0.791619 0.000000 0.611015 0.377353 0.377353 0.377353
719.137573 0.000000 1305.690063 0.000000 0.997386 0.000000 0.072265 0.396930 0.396930 0.396930
715.385925 0.000000 1303.792236 0.000000 0.293087 0.000000 -0.956086 0.451499 0.451499 0.451499
711.145386 0.000000 1311.686157 0.000000 0.596780 0.000000 -0.802405 0.442316 0.442316 0.442316
707.393738 0.000000 1309.788330 0.000000 0.991171 0.000000 -0.132592 0.405179 0.405179 0.405179
707.393738 0.000000 1315.784424 0.000000 0.615429 0.000000 0.788193 0.358296 0.358296 0.358296
715.385925 0.000000 1309.788330 0.000000 0.939888 0.000000 0.341484 0.384513 0.384513 0.384513
715.385925 0.000000 1315.784424 0.000000 0.939084 0.000000 0.343687 0.381957 0.381957 0.381957
711.422119 0.000000 1317.346802 0.000000 0.948144 0.000000 0.317842 0.383527 0.383527 0.383527
720.718811 0.000000 1296.557617 0.000000 0.793895 0.000000 -0.608055 0.420234 0.420234 0.420234
727.129761 0.000000 1299.693970 0.000000 0.471098 0.000000 0.882081 0.365479 0.365479 0.365479
727.129761 0.000000 1305.690063 0.000000 0.993497 0.000000 0.113857 0.395442 0.395442 0.395442
723.378113 0.000000 1303.792236 0.000000 0.548998 0.000000 -0.835824 0.438542 0.438542 0.438542
728.710999 0.000000 1296.557617 0.000000 0.933475 0.000000 -0.358642 0.409707 0.409707 0.409707
735.121948 0.000000 1305.690063 0.000000 0.890834 0.000000 -0.454330 0.416955 0.416955 0.416955
727.129761 0.000000 1311.686157 0.000000 0.527605 0.000000 -0.849490 0.445613 0.445613 0.445613
719.414307 0.000000 1311.350708 0.000000 0.724570 0.000000 -0.689201 0.436069 0.436069 0.436069
727.129761 0.000000 1317.682251 0.000000 0.827672 0.000000 -0.561212 0.423504 0.423504 0.423504
719.414307 0.000000 1317.346802 0.000000 0.339236 0.000000 0.940701 0.337015 0.337015 0.337015
735.121948 0.000000 1311.686157 0.000000 0.197446 0.000000 -0.980314 0.450010 0.450010 0.450010
731.370300 0.000000 1309.788330 0.000000 0.441090 0.000000 0.897463 0.354390 0.354390 0.354390
735.121948 0.000000 1317.682251 0.000000 0.952007 0.000000 -0.306077 0.410251 0.410251 0.410251
731.370300 0.000000 1315.784424 0.000000 0.459628 0.000000 -0.888111 0.442577 0.442577 0.442577
703.429932 0.000000 1323.342896 0.000000 0.786130 0.000000 -0.618061 0.430939 0.430939 0.430939
707.393738 0.000000 1327.776611 0.000000 0.731054 0.000000 -0.682319 0.440119 0.440119 0.440119
703.429932 0.000000 1329.338989 0.000000 0.996482 0.000000 -0.083806 0.404818 0.404818 0.404818
715.385925 0.000000 1321.780518 0.000000 0.678967 0.000000 -0.734169 0.441577 0.441577 0.441577
711.422119 0.000000 1323.342896 0.000000 0.291295 0.000000 -0.956633 0.466856 0.466856 0.466856
719.137573 0.000000 1329.674438 0.000000 0.157878 0.000000 0.987459 0.348524 0.348524 0.348524
715.385925 0.000000 1327.776611 0.000000 0.789272 0.000000 0.614043 0.369298 0.369298 0.369298
711.422119 0.000000 1329.338989 0.000000 0.893455 0.000000 -0.449153 0.423956 0.423956 0.423956
711.145386 0.000000 1335.670532 0.000000 0.910868 0.000000 0.412697 0.381308 0.381308 0.381308
707.393738 0.000000 1333.772705 0.000000 0.121326 0.000000 -0.992613 0.481041 0.481041 0.481041
703.429932 0.000000 1335.335083 0.000000 0.350713 0.000000 -0.936483 0.472042 0.472042 0.472042
711.145386 0.000000 1341.666626 0.000000 0.525671 0.000000 0.850688 0.364444 0.364444 0.364444
707.393738 0.000000 1339.768799 0.000000 0.341167 0.000000 0.940003 0.339563 0.339563 0.339563
703.429932 0.000000 1341.331177 0.000000 0.999181 0.000000 0.040473 0.397756 0.397756 0.397756
719.137573 0.000000 1335.670532 0.000000 0.816224 0.000000 0.577736 0.380932 0.380932 0.380932
715.385925 0.000000 1333.772705 0.000000 0.011920 0.000000 0.999929 0.340844 0.340844 0.340844
727.129761 0.000000 1323.678345 0.000000 0.253964 0.000000 -0.967214 0.443303 0.443303 0.443303
719.414307 0.000000 1323.342896 0.000000 0.108076 0.000000 -0.994143 0.467182 0.467182 0.467182
727.129761 0.000000 1329.674438 0.000000 0.296388 0.000000 0.955068 0.360688 0.360688 0.360688
728.710999 0.000000 1320.541992 0.000000 0.944224 0.000000 0.329303 0.389109 0.389109 0.389109
728.710999 0.000000 1326.538086 0.000000 0.175254 0.000000 -0.984523 0.441085 0.441085 0.441085
720.718811 0.000000 1332.534180 0.000000 0.159599 0.000000 -0.987182 0.445074 0.445074 0.445074
735.121948 0.000000 1335.670532 0.000000 0.405550 0.000000 0.914073 0.364875 0.364875 0.364875
735.121948 0.000000 1341.666626 0.000000 0.380857 0.000000 0.924634 0.358754 0.358754 0.358754
736.703186 0.000000 1302.553711 0.000000 0.658411 0.000000 -0.752659 0.428080 0.428080 0.428080
743.114136 0.000000 1305.690063 0.000000 0.681061 0.000000 -0.732227 0.427895 0.427895 0.427895
744.695374 0.000000 1296.557617 0.000000 0.966554 0.000000 -0.256465 0.407511 0.407511 0.407511
751.106323 0.000000 1299.693970 0.000000 0.115710 0.000000 0.993283 0.352057 0.352057 0.352057
744.695374 0.000000 1302.553711 0.000000 0.280528 0.000000 -0.959846 0.443679 0.443679 0.443679
751.106323 0.000000 1305.690063 0.000000 0.172299 0.000000 0.985045 0.356733 0.356733 0.356733
743.114136 0.000000 1311.686157 0.000000 0.981629 0.000000 -0.190801 0.405943 0.405943 0.405943
736.703186 0.000000 1314.545898 0.000000 0.586724 0.000000 -0.809787 0.430631 0.430631 0.430631
744.695374 0.000000 1308.549805 0.000000 0.440379 0.000000 -0.897812 0.433954 0.433954 0.433954
744.695374 0.000000 1314.545898 0.000000 0.407874 0.000000 0.913038 0.370698 0.370698 0.370698
758.101807 0.000000 1296.714844 0.000000 0.215537 0.000000 0.976496 0.369587 0.369587 0.369587
752.687561 0.000000 1296.557617 0.000000 0.560791 0.000000 0.827958 0.370777 0.370777 0.370777
752.687561 0.000000 1302.553711 0.000000 0.997287 0.000000 -0.073616 0.402244 0.402244 0.402244
758.101807 0.000000 1308.707031 0.000000 0.994270 0.000000 -0.106895 0.401925 0.401925 0.401925
752.687561 0.000000 1308.549805 0.000000 0.503412 0.000000 0.864047 0.372913 0.372913 0.372913
742.117432 0.000000 1320.699219 0.000000 0.725760 0.000000 0.687948 0.384469 0.384469 0.384469
736.703186 0.000000 1320.541992 0.000000 0.802100 0.000000 0.597190 0.384661 0.384661 0.384661
742.117432 0.000000 1326.695312 0.000000 0.102641 0.000000 -0.994718 0.427853 0.427853 0.427853
736.703186 0.000000 1326.538086 0.000000 0.125388 0.000000 0.992108 0.366809 0.366809 0.366809
750.109619 0.000000 1320.699219 0.000000 0.259258 0.000000 0.965808 0.375825 0.375825 0.375825
750.109619 0.000000 1326.695312 0.000000 0.963989 0.000000 -0.265943 0.405779 0.405779 0.405779
736.703186 0.000000 1332.534180 0.000000 0.016771 0.000000 -0.999859 0.442677 0.442677 0.442677
736.703186 0.000000 1338.530273 0.000000 0.837756 0.000000 -0.546046 0.419613 0.419613 0.419613
743.114136 0.000000 1341.666626 0.000000 0.567306 0.000000 -0.823507 0.435750 0.435750 0.435750
744.695374 0.000000 1332.534180 0.000000 0.836508 0.000000 0.547954 0.385233 0.385233 0.385233
751.106323 0.000000 1335.670532 0.000000 0.352847 0.000000 -0.935681 0.438068 0.438068 0.438068
751.106323 0.000000 1341.666626 0.000000 0.623050 0.000000 0.782182 0.364123 0.364123 0.364123
758.101807 0.000000 1320.699219 0.000000 0.765730 0.000000 -0.643162 0.411860 0.411860 0.411860
752.687561 0.000000 1326.538086 0.000000 0.831559 0.000000 -0.555437 0.413526 0.413526 0.413526
766.093994 0.000000 1326.695312 0.000000 0.996408 0.000000 -0.084677 0.401609 0.401609 0.401609
760.679749 0.000000 1326.538086 0.000000 0.784739 0.000000 0.619826 0.384311 0.384311 0.384311
752.687561 0.000000 1332.534180 0.000000 0.545307 0.000000 0.838236 0.370716 0.370716 0.370716
759.098511 0.000000 1335.670532 0.000000 0.371079 0.000000 0.928601 0.354224 0.354224 0.354224
755.346863 0.000000 1339.768799 0.000000 0.990421 0.000000 0.138079 0.394467 0.394467 0.394467
767.090698 0.000000 1335.670532 0.000000 0.349508 0.000000 -0.936933 0.444241 0.444241 0.444241
767.090698 0.000000 1341.666626 0.000000 0.683802 0.000000 -0.729667 0.435527 0.435527 0.435527
759.375244 0.000000 1341.331177 0.000000 0.913007 0.000000 -0.407944 0.419303 0.419303 0.419303
634.001343 0.000000 1348.658325 0.000000 0.370614 0.000000 0.928787 0.389889 0.389889 0.389889
638.218994 0.000000 1344.683594 0.000000 0.743549 0.000000 -0.668682 0.412068 0.412068 0.412068
646.211182 0.000000 1350.679688 0.000000 0.041653 0.000000 -0.999132 0.429777 0.429777 0.429777
648.789124 0.000000 1344.526367 0.000000 0.492511 0.000000 0.870306 0.364679 0.364679 0.364679
651.448425 0.000000 1345.764893 0.000000 0.415703 0.000000 -0.909501 0.445620 0.445620 0.445620
648.789124 0.000000 1350.522461 0.000000 0.221781 0.000000 -0.975096 0.431614 0.431614 0.431614
655.200073 0.000000 1353.658813 0.000000 0.203338 0.000000 -0.979109 0.446381 0.446381 0.446381
654.203369 0.000000 1356.675781 0.000000 0.980095 0.000000 0.198528 0.395709 0.395709 0.395709
655.476807 0.000000 1347.327271 0.000000 0.525464 0.000000 -0.850816 0.450807 0.450807 0.450807
660.652649 0.000000 1348.353149 0.000000 0.766126 0.000000 -0.642691 0.440777 0.440777 0.440777
659.440613 0.000000 1351.760986 0.000000 0.989621 0.000000 0.143704 0.392800 0.392800 0.392800
663.468994 0.000000 1347.327271 0.000000 0.975764 0.000000 0.218824 0.385350 0.385350 0.385350
668.644836 0.000000 1348.353149 0.000000 0.510187 0.000000 0.860064 0.334343 0.334343 0.334343
667.825256 0.000000 1343.147949 0.000000 0.929155 0.000000 0.369690 0.374853 0.374853 0.374853
663.468994 0.000000 1353.323364 0.000000 0.824515 0.000000 -0.565840 0.430331 0.430331 0.430331
667.825256 0.000000 1349.144043 0.000000 0.794659 0.000000 -0.607057 0.442344 0.442344 0.442344
656.781311 0.000000 1356.518555 0.000000 0.999364 0.000000 -0.035652 0.400890 0.400890 0.400890
671.184448 0.000000 1359.654907 0.000000 0.967981 0.000000 -0.251024 0.408362 0.408362 0.408362
670.187744 0.000000 1362.671875 0.000000 0.680240 0.000000 -0.732989 0.418075 0.418075 0.418075
671.461182 0.000000 1347.327271 0.000000 0.697514 0.000000 0.716572 0.350937 0.350937 0.350937
676.637024 0.000000 1348.353149 0.000000 0.870168 0.000000 -0.492755 0.429072 0.429072 0.429072
671.461182 0.000000 1353.323364 0.000000 0.631875 0.000000 0.775070 0.354391 0.354391 0.354391
683.417175 0.000000 1345.764893 0.000000 0.599786 0.000000 0.800161 0.353223 0.353223 0.353223
679.453369 0.000000 1347.327271 0.000000 0.631505 0.000000 -0.775372 0.449620 0.449620 0.449620
687.168823 0.000000 1353.658813 0.000000 0.899748 0.000000 0.436409 0.381284 0.381284 0.381284
683.417175 0.000000 1351.760986 0.000000 0.470791 0.000000 0.882245 0.351440 0.351440 0.351440
679.453369 0.000000 1353.323364 0.000000 0.794534 0.000000 0.607220 0.369372 0.369372 0.369372
679.176636 0.000000 1359.654907 0.000000 0.943161 0.000000 -0.332337 0.410826 0.410826 0.410826
675.424988 0.000000 1357.757080 0.000000 0.887637 0.000000 0.460544 0.380643 0.380643 0.380643
672.765686 0.000000 1362.514648 0.000000 0.999492 0.000000 -0.031856 0.400732 0.400732 0.400732
680.757874 0.000000 1362.514648 0.000000 0.971116 0.000000 0.238607 0.394105 0.394105 0.394105
691.409363 0.000000 1345.764893 0.000000 0.986086 0.000000 -0.166234 0.408673 0.408673 0.408673
687.445557 0.000000 1347.327271 0.000000 0.847152 0.000000 0.531351 0.372588 0.372588 0.372588
695.161011 0.000000 1353.658813 0.000000 0.929340 0.000000 0.369224 0.385649 0.385649 0.385649
691.409363 0.000000 1351.760986 0.000000 0.998765 0.000000 0.049675 0.397792 0.397792 0.397792
703.153198 0.000000 1347.662720 0.000000 0.494226 0.000000 -0.869334 0.444201 0.444201 0.444201
699.401550 0.000000 1345.764893 0.000000 0.700473 0.000000 0.713679 0.359128 0.359128 0.359128
695.437744 0.000000 1347.327271 0.000000 0.315163 0.000000 -0.949038 0.460549 0.460549 0.460549
703.153198 0.000000 1353.658813 0.000000 0.378042 0.000000 -0.925789 0.438398 0.438398 0.438398
699.401550 0.000000 1351.760986 0.000000 0.792868 0.000000 -0.609393 0.426176 0.426176 0.426176
688.750061 0.000000 1356.518555 0.000000 0.927418 0.000000 -0.374026 0.412250 0.412250 0.412250
694.164307 0.000000 1362.671875 0.000000 0.527587 0.000000 -0.849501 0.421286 0.421286 0.421286
688.750061 0.000000 1362.514648 0.000000 0.184644 0.000000 0.982805 0.366804 0.366804 0.366804
696.742249 0.000000 1356.518555 0.000000 0.446883 0.000000 0.894592 0.366820 0.366820 0.366820
702.156494 0.000000 1362.671875 0.000000 0.492752 0.000000 -0.870170 0.422663 0.422663 0.422663
681.954468 0.000000 1372.642700 0.000000 0.141952 0.000000 0.989874 0.387162 0.387162 0.387162
686.172119 0.000000 1368.667969 0.000000 0.930667 0.000000 -0.365868 0.405798 0.405798 0.405798
681.954468 0.000000 1378.638794 0.000000 0.659835 0.000000 0.751411 0.392359 0.392359 0.392359
673.962280 0.000000 1390.630981 0.000000 0.173807 0.000000 -0.984780 0.411153 0.411153 0.411153
694.164307 0.000000 1368.667969 0.000000 0.988995 0.000000 0.147948 0.397183 0.397183 0.397183
694.164307 0.000000 1374.664062 0.000000 0.733099 0.000000 -0.680122 0.414191 0.414191 0.414191
694.164307 0.000000 1380.660156 0.000000 0.838556 0.000000 0.544816 0.388493 0.388493 0.388493
688.750061 0.000000 1386.499023 0.000000 1.000000 0.000000 0.000316 0.399992 0.399992 0.399992
695.161011 0.000000 1389.635376 0.000000 0.485788 0.000000 0.874076 0.364421 0.364421 0.364421
696.742249 0.000000 1380.502930 0.000000 0.973697 0.000000 0.227847 0.394376 0.394376 0.394376
703.153198 0.000000 1383.639282 0.000000 0.814471 0.000000 -0.580204 0.425034 0.425034 0.425034
699.401550 0.000000 1387.737549 0.000000 0.597446 0.000000 -0.801909 0.435310 0.435310 0.435310
665.970093 0.000000 1402.623169 0.000000 0.159596 0.000000 -0.987182 0.411269 0.411269 0.411269
670.187744 0.000000 1404.644531 0.000000 0.555794 0.000000 0.831320 0.380398 0.380398 0.380398
649.985718 0.000000 1426.607544 0.000000 0.993447 0.000000 0.114290 0.399085 0.399085 0.399085
649.985718 0.000000 1432.603638 0.000000 0.500511 0.000000 -0.865730 0.409406 0.409406 0.409406
657.977905 0.000000 1420.611450 0.000000 0.124783 0.000000 -0.992184 0.415159 0.415159 0.415159
678.179932 0.000000 1392.652344 0.000000 0.986765 0.000000 0.162158 0.396828 0.396828 0.396828
680.757874 0.000000 1392.495117 0.000000 0.797988 0.000000 -0.602673 0.415180 0.415180 0.415180
687.168823 0.000000 1395.631470 0.000000 0.304078 0.000000 -0.952647 0.438433 0.438433 0.438433
680.757874 0.000000 1398.491211 0.000000 0.942258 0.000000 0.334889 0.390622 0.390622 0.390622
687.168823 0.000000 1401.627563 0.000000 0.778929 0.000000 -0.627112 0.421322 0.421322 0.421322
672.765686 0.000000 1404.487305 0.000000 0.771620 0.000000 0.636084 0.384165 0.384165 0.384165
679.176636 0.000000 1407.623657 0.000000 0.994597 0.000000 0.103807 0.396833 0.396833 0.396833
672.765686 0.000000 1410.483398 0.000000 0.956630 0.000000 0.291305 0.392178 0.392178 0.392178
680.757874 0.000000 1404.487305 0.000000 0.747794 0.000000 -0.663931 0.422477 0.422477 0.422477
688.750061 0.000000 1398.491211 0.000000 0.963847 0.000000 -0.266455 0.408619 0.408619 0.408619
695.161011 0.000000 1401.627563 0.000000 0.536149 0.000000 -0.844124 0.433117 0.433117 0.433117
703.153198 0.000000 1395.631470 0.000000 0.275959 0.000000 0.961169 0.350357 0.350357 0.350357
699.401550 0.000000 1393.733643 0.000000 0.457530 0.000000 -0.889194 0.442669 0.442669 0.442669
688.750061 0.000000 1404.487305 0.000000 0.997710 0.000000 0.067637 0.398175 0.398175 0.398175
696.742249 0.000000 1404.487305 0.000000 0.743205 0.000000 0.669064 0.383165 0.383165 0.383165
672.765686 0.000000 1416.479492 0.000000 0.974751 0.000000 -0.223295 0.405510 0.405510 0.405510
672.765686 0.000000 1422.475586 0.000000 0.483284 0.000000 -0.875463 0.424493 0.424493 0.424493
686.172119 0.000000 1416.636719 0.000000 0.903391 0.000000 0.428818 0.390706 0.390706 0.390706
686.172119 0.000000 1422.632812 0.000000 0.960937 0.000000 0.276769 0.394259 0.394259 0.394259
680.757874 0.000000 1422.475586 0.000000 0.711848 0.000000 -0.702333 0.420217 0.420217 0.420217
672.765686 0.000000 1428.471680 0.000000 0.998075 0.000000 -0.062012 0.401673 0.401673 0.401673
679.176636 0.000000 1431.608032 0.000000 0.089390 0.000000 -0.995997 0.446596 0.446596 0.446596
672.765686 0.000000 1434.467773 0.000000 0.619497 0.000000 -0.784999 0.425691 0.425691 0.425691
679.176636 0.000000 1437.604126 0.000000 0.136735 0.000000 0.990608 0.354187 0.354187 0.354187
680.757874 0.000000 1428.471680 0.000000 0.972372 0.000000 0.233437 0.392941 0.392941 0.392941
680.757874 0.000000 1434.467773 0.000000 0.271124 0.000000 -0.962544 0.443364 0.443364 0.443364
688.750061 0.000000 1434.467773 0.000000 0.259024 0.000000 0.965871 0.367979 0.367979 0.367979
697.938843 0.000000 1432.603638 0.000000 0.927069 0.000000 0.374891 0.395971 0.395971 0.395971
697.938843 0.000000 1438.599731 0.000000 0.332211 0.000000 0.943205 0.387696 0.387696 0.387696
707.393738 0.000000 1345.764893 0.000000 0.659260 0.000000 0.751915 0.366433 0.366433 0.366433
704.734436 0.000000 1350.522461 0.000000 0.490426 0.000000 -0.871483 0.432231 0.432231 0.432231
712.726624 0.000000 1344.526367 0.000000 0.877454 0.000000 -0.479660 0.413239 0.413239 0.413239
704.734436 0.000000 1356.518555 0.000000 0.782174 0.000000 0.623060 0.383543 0.383543 0.383543
712.726624 0.000000 1356.518555 0.000000 0.874141 0.000000 0.485672 0.388352 0.388352 0.388352
719.137573 0.000000 1359.654907 0.000000 0.852222 0.000000 -0.523180 0.418144 0.418144 0.418144
712.726624 0.000000 1362.514648 0.000000 0.757850 0.000000 -0.652429 0.421649 0.421649 0.421649
720.718811 0.000000 1344.526367 0.000000 0.338452 0.000000 0.940984 0.370628 0.370628 0.370628
727.129761 0.000000 1353.658813 0.000000 0.412563 0.000000 -0.910929 0.444614 0.444614 0.444614
731.370300 0.000000 1351.760986 0.000000 0.991103 0.000000 0.133096 0.394668 0.394668 0.394668
723.378113 0.000000 1357.757080 0.000000 0.047134 0.000000 0.998889 0.339899 0.339899 0.339899
727.406494 0.000000 1359.319458 0.000000 0.955020 0.000000 0.296542 0.385268 0.385268 0.385268
732.582336 0.000000 1360.345337 0.000000 0.325034 0.000000 -0.945702 0.466854 0.466854 0.466854
727.406494 0.000000 1365.315552 0.000000 0.952427 0.000000 -0.304766 0.416700 0.416700 0.416700
704.734436 0.000000 1368.510742 0.000000 0.778705 0.000000 -0.627391 0.418963 0.418963 0.418963
711.145386 0.000000 1371.647095 0.000000 0.871854 0.000000 -0.489767 0.417889 0.417889 0.417889
704.734436 0.000000 1374.506836 0.000000 0.481915 0.000000 -0.876218 0.431994 0.431994 0.431994
711.145386 0.000000 1377.643188 0.000000 0.278000 0.000000 0.960581 0.349151 0.349151 0.349151
715.385925 0.000000 1369.749268 0.000000 0.468945 0.000000 -0.883227 0.441626 0.441626 0.441626
719.137573 0.000000 1377.643188 0.000000 0.216737 0.000000 0.976230 0.343956 0.343956 0.343956
715.385925 0.000000 1375.745361 0.000000 0.982959 0.000000 -0.183826 0.407477 0.407477 0.407477
707.393738 0.000000 1381.741455 0.000000 0.343938 0.000000 0.938992 0.348844 0.348844 0.348844
719.137573 0.000000 1383.639282 0.000000 0.173312 0.000000 0.984867 0.351884 0.351884 0.351884
715.385925 0.000000 1381.741455 0.000000 0.494153 0.000000 0.869375 0.355796 0.355796 0.355796
715.385925 0.000000 1387.737549 0.000000 0.759719 0.000000 0.650251 0.372076 0.372076 0.372076
727.406494 0.000000 1371.311646 0.000000 0.032806 0.000000 0.999462 0.317064 0.317064 0.317064
735.121948 0.000000 1377.643188 0.000000 0.299016 0.000000 0.954248 0.352548 0.352548 0.352548
731.370300 0.000000 1375.745361 0.000000 0.831084 0.000000 0.556147 0.372320 0.372320 0.372320
720.718811 0.000000 1380.502930 0.000000 0.990332 0.000000 0.138716 0.395275 0.395275 0.395275
726.133057 0.000000 1386.656250 0.000000 0.835099 0.000000 -0.550100 0.409889 0.409889 0.409889
720.718811 0.000000 1386.499023 0.000000 0.994922 0.000000 -0.100652 0.402618 0.402618 0.402618
728.710999 0.000000 1380.502930 0.000000 0.734199 0.000000 0.678934 0.377269 0.377269 0.377269
743.114136 0.000000 1347.662720 0.000000 0.057780 0.000000 0.998329 0.338809 0.338809 0.338809
739.362488 0.000000 1345.764893 0.000000 0.660394 0.000000 0.750919 0.366493 0.366493 0.366493
747.354675 0.000000 1345.764893 0.000000 0.587393 0.000000 0.809302 0.360921 0.360921 0.360921
747.354675 0.000000 1351.760986 0.000000 0.229612 0.000000 0.973282 0.345841 0.345841 0.345841
735.398682 0.000000 1365.315552 0.000000 0.985310 0.000000 -0.170777 0.408912 0.408912 0.408912
751.106323 0.000000 1359.654907 0.000000 0.273398 0.000000 -0.961901 0.446515 0.446515 0.446515
747.354675 0.000000 1357.757080 0.000000 0.666163 0.000000 0.745806 0.365536 0.365536 0.365536
751.106323 0.000000 1365.651001 0.000000 0.345287 0.000000 0.938497 0.358028 0.358028 0.358028
747.354675 0.000000 1363.753174 0.000000 0.945465 0.000000 -0.325724 0.412756 0.412756 0.412756
755.346863 0.000000 1345.764893 0.000000 0.344256 0.000000 0.938876 0.345205 0.345205 0.345205
755.346863 0.000000 1351.760986 0.000000 0.810961 0.000000 0.585101 0.374098 0.374098 0.374098
759.375244 0.000000 1347.327271 0.000000 0.243635 0.000000 -0.969867 0.464159 0.464159 0.464159
759.098511 0.000000 1359.654907 0.000000 0.938955 0.000000 -0.344040 0.411750 0.411750 0.411750
767.090698 0.000000 1359.654907 0.000000 0.016976 0.000000 -0.999856 0.461291 0.461291 0.461291
763.339050 0.000000 1357.757080 0.000000 0.304212 0.000000 0.952604 0.347082 0.347082 0.347082
760.679749 0.000000 1362.514648 0.000000 0.795321 0.000000 -0.606189 0.420486 0.420486 0.420486
767.090698 0.000000 1365.651001 0.000000 0.035366 0.000000 -0.999374 0.449066 0.449066 0.449066
743.114136 0.000000 1371.647095 0.000000 0.086839 0.000000 0.996222 0.348137 0.348137 0.348137
739.362488 0.000000 1369.749268 0.000000 0.878724 0.000000 -0.477330 0.422362 0.422362 0.422362
735.398682 0.000000 1371.311646 0.000000 0.994996 0.000000 -0.099916 0.404747 0.404747 0.404747
744.695374 0.000000 1374.506836 0.000000 0.956968 0.000000 -0.290194 0.407057 0.407057 0.407057
742.117432 0.000000 1380.660156 0.000000 0.518124 0.000000 -0.855306 0.416396 0.416396 0.416396
736.703186 0.000000 1380.502930 0.000000 0.552029 0.000000 0.833825 0.376369 0.376369 0.376369
752.687561 0.000000 1368.510742 0.000000 0.383828 0.000000 -0.923405 0.432907 0.432907 0.432907
758.101807 0.000000 1374.664062 0.000000 0.843157 0.000000 -0.537667 0.408787 0.408787 0.408787
760.679749 0.000000 1368.510742 0.000000 0.966503 0.000000 0.256654 0.393650 0.393650 0.393650
766.093994 0.000000 1374.664062 0.000000 0.838710 0.000000 -0.544579 0.411502 0.411502 0.411502
711.145386 0.000000 1395.631470 0.000000 0.704777 0.000000 0.709429 0.370859 0.370859 0.370859
707.393738 0.000000 1393.733643 0.000000 0.913963 0.000000 0.405797 0.382266 0.382266 0.382266
704.734436 0.000000 1398.491211 0.000000 0.723732 0.000000 0.690081 0.375662 0.375662 0.375662
712.726624 0.000000 1398.491211 0.000000 0.298210 0.000000 -0.954500 0.431023 0.431023 0.431023
710.148682 0.000000 1404.644531 0.000000 0.226222 0.000000 -0.974076 0.421452 0.421452 0.421452
657.977905 0.000000 1444.595825 0.000000 0.728172 0.000000 -0.685394 0.407918 0.407918 0.407918
662.195557 0.000000 1440.621094 0.000000 0.878048 0.000000 0.478572 0.392276 0.392276 0.392276
670.187744 0.000000 1452.613281 0.000000 0.766556 0.000000 0.642177 0.387813 0.387813 0.387813
665.970093 0.000000 1462.584106 0.000000 0.973073 0.000000 0.230498 0.397561 0.397561 0.397561
670.187744 0.000000 1458.609375 0.000000 0.961531 0.000000 -0.274695 0.404724 0.404724 0.404724
672.765686 0.000000 1440.463867 0.000000 0.976813 0.000000 -0.214093 0.405602 0.405602 0.405602
678.179932 0.000000 1446.617188 0.000000 0.934975 0.000000 0.354714 0.392396 0.392396 0.392396
680.757874 0.000000 1440.463867 0.000000 0.934173 0.000000 -0.356820 0.410749 0.410749 0.410749
686.172119 0.000000 1446.617188 0.000000 0.999961 0.000000 -0.008795 0.400141 0.400141 0.400141
678.179932 0.000000 1452.613281 0.000000 0.472516 0.000000 0.881322 0.381688 0.381688 0.381688
681.954468 0.000000 1462.584106 0.000000 0.963125 0.000000 0.269056 0.397144 0.397144 0.397144
681.954468 0.000000 1468.580200 0.000000 0.661107 0.000000 -0.750292 0.407626 0.407626 0.407626
777.860718 0.000000 1192.759888 0.000000 0.768623 0.000000 -0.639701 0.405892 0.405892 0.405892
782.078369 0.000000 1188.785156 0.000000 0.746538 0.000000 0.665343 0.387278 0.387278 0.387278
782.078369 0.000000 1194.781250 0.000000 0.943136 0.000000 -0.332406 0.405414 0.405414 0.405414
790.070557 0.000000 1176.792969 0.000000 0.384032 0.000000 0.923320 0.378850 0.378850 0.378850
798.062744 0.000000 1176.792969 0.000000 0.748145 0.000000 0.663535 0.384060 0.384060 0.384060
792.648499 0.000000 1182.631836 0.000000 0.900442 0.000000 0.434976 0.388091 0.388091 0.388091
792.648499 0.000000 1188.627930 0.000000 0.990918 0.000000 -0.134465 0.403839 0.403839 0.403839
798.062744 0.000000 1194.781250 0.000000 0.229624 0.000000 -0.973279 0.424071 0.424071 0.424071
809.829468 0.000000 1168.775513 0.000000 0.534971 0.000000 0.844871 0.388946 0.388946 0.388946
806.054932 0.000000 1182.789062 0.000000 0.455268 0.000000 -0.890355 0.416997 0.416997 0.416997
800.640686 0.000000 1182.631836 0.000000 0.986827 0.000000 0.161782 0.396105 0.396105 0.396105
809.829468 0.000000 1186.763794 0.000000 0.986115 0.000000 -0.166067 0.401833 0.401833 0.401833
800.640686 0.000000 1188.627930 0.000000 0.997034 0.000000 0.076962 0.398231 0.398231 0.398231
793.845093 0.000000 1204.752075 0.000000 0.681091 0.000000 -0.732198 0.406563 0.406563 0.406563
769.868530 0.000000 1294.693481 0.000000 0.279991 0.000000 -0.960003 0.410924 0.410924 0.410924
769.868530 0.000000 1318.677856 0.000000 0.247021 0.000000 0.969010 0.388126 0.388126 0.388126
774.086182 0.000000 1332.691406 0.000000 0.774200 0.000000 0.632940 0.385285 0.385285 0.385285
768.671936 0.000000 1332.534180 0.000000 0.617057 0.000000 -0.786919 0.427589 0.427589 0.427589
775.082886 0.000000 1341.666626 0.000000 0.947878 0.000000 0.318633 0.389313 0.389313 0.389313
776.664124 0.000000 1338.530273 0.000000 0.088458 0.000000 -0.996080 0.438485 0.438485 0.438485
785.852905 0.000000 1336.666138 0.000000 0.987230 0.000000 -0.159301 0.401278 0.401278 0.401278
775.082886 0.000000 1347.662720 0.000000 0.631926 0.000000 0.775029 0.365907 0.365907 0.365907
771.331238 0.000000 1345.764893 0.000000 0.992803 0.000000 -0.119759 0.405395 0.405395 0.405395
767.367432 0.000000 1347.327271 0.000000 0.752435 0.000000 0.658667 0.364815 0.364815 0.364815
775.082886 0.000000 1353.658813 0.000000 0.750993 0.000000 0.660310 0.372991 0.372991 0.372991
771.331238 0.000000 1351.760986 0.000000 0.388493 0.000000 -0.921452 0.453243 0.453243 0.453243
767.367432 0.000000 1353.323364 0.000000 0.939495 0.000000 0.342563 0.383415 0.383415 0.383415
782.078369 0.000000 1344.683594 0.000000 0.326632 0.000000 0.945152 0.375891 0.375891 0.375891
776.664124 0.000000 1344.526367 0.000000 0.634741 0.000000 -0.772725 0.429544 0.429544 0.429544
782.078369 0.000000 1350.679688 0.000000 0.845457 0.000000 -0.534043 0.410689 0.410689 0.410689
776.664124 0.000000 1350.522461 0.000000 0.898771 0.000000 0.438419 0.384817 0.384817 0.384817
775.082886 0.000000 1359.654907 0.000000 0.668221 0.000000 0.743962 0.369838 0.369838 0.369838
771.331238 0.000000 1357.757080 0.000000 0.041274 0.000000 0.999148 0.338904 0.338904 0.338904
782.078369 0.000000 1356.675781 0.000000 0.891100 0.000000 -0.453808 0.408702 0.408702 0.408702
776.664124 0.000000 1356.518555 0.000000 0.973161 0.000000 -0.230125 0.407536 0.407536 0.407536
776.664124 0.000000 1362.514648 0.000000 0.978741 0.000000 0.205100 0.394430 0.394430 0.394430
785.852905 0.000000 1360.650513 0.000000 0.367863 0.000000 0.929880 0.386883 0.386883 0.386883
785.852905 0.000000 1366.646606 0.000000 0.991940 0.000000 -0.126712 0.401269 0.401269 0.401269
768.671936 0.000000 1368.510742 0.000000 0.561379 0.000000 -0.827559 0.427742 0.427742 0.427742
"}
