object={
	name="tree_cypress_01_generator_1_0"
	render_pass=Map
	clamp_to_water_level=no
	generated_content=yes
	layer="tree_high_layer"
	pdxmesh="tree_cypress_01_a_mesh"
	count=27
	transform="664.773499 0.000000 1410.483398 0.000000 0.363893 0.000000 0.931441 1.000000 1.000000 1.000000
671.184448 0.000000 1413.619751 0.000000 0.306492 0.000000 0.951873 1.000000 1.000000 1.000000
657.977905 0.000000 1426.607544 0.000000 0.936005 0.000000 0.351987 1.000000 1.000000 1.000000
670.187744 0.000000 1428.628906 0.000000 0.384562 0.000000 0.923099 1.000000 1.000000 1.000000
673.962280 0.000000 1402.623169 0.000000 0.991913 0.000000 0.126918 1.000000 1.000000 1.000000
679.176636 0.000000 1413.619751 0.000000 0.831083 0.000000 0.556149 1.000000 1.000000 1.000000
686.172119 0.000000 1410.640625 0.000000 0.900712 0.000000 0.434416 1.000000 1.000000 1.000000
680.757874 0.000000 1410.483398 0.000000 0.501137 0.000000 0.865368 1.000000 1.000000 1.000000
702.156494 0.000000 1404.644531 0.000000 0.324435 0.000000 0.945908 1.000000 1.000000 1.000000
696.742249 0.000000 1410.483398 0.000000 0.316643 0.000000 0.948545 1.000000 1.000000 1.000000
703.153198 0.000000 1413.619751 0.000000 0.851481 0.000000 0.524386 1.000000 1.000000 1.000000
678.179932 0.000000 1428.628906 0.000000 0.782836 0.000000 0.622228 1.000000 1.000000 1.000000
694.164307 0.000000 1416.636719 0.000000 0.960105 0.000000 0.279640 1.000000 1.000000 1.000000
696.742249 0.000000 1422.475586 0.000000 0.634887 0.000000 0.772605 1.000000 1.000000 1.000000
703.153198 0.000000 1425.611938 0.000000 0.927147 0.000000 0.374699 1.000000 1.000000 1.000000
702.156494 0.000000 1428.628906 0.000000 0.937935 0.000000 0.346810 1.000000 1.000000 1.000000
705.931030 0.000000 1402.623169 0.000000 0.893527 0.000000 0.449010 1.000000 1.000000 1.000000
707.393738 0.000000 1411.721924 0.000000 0.934400 0.000000 0.356227 1.000000 1.000000 1.000000
718.140869 0.000000 1410.640625 0.000000 0.352895 0.000000 0.935663 1.000000 1.000000 1.000000
711.422119 0.000000 1413.284302 0.000000 0.981223 0.000000 0.192878 1.000000 1.000000 1.000000
721.915405 0.000000 1408.619263 0.000000 0.147787 0.000000 0.989019 1.000000 1.000000 1.000000
718.140869 0.000000 1416.636719 0.000000 0.278215 0.000000 0.960519 1.000000 1.000000 1.000000
713.923218 0.000000 1426.607544 0.000000 0.262288 0.000000 0.964990 1.000000 1.000000 1.000000
710.148682 0.000000 1428.628906 0.000000 0.342508 0.000000 0.939515 1.000000 1.000000 1.000000
704.734436 0.000000 1428.471680 0.000000 0.333781 0.000000 0.942651 1.000000 1.000000 1.000000
718.140869 0.000000 1428.628906 0.000000 0.045463 0.000000 0.998966 1.000000 1.000000 1.000000
720.718811 0.000000 1422.475586 0.000000 0.574288 0.000000 0.818654 1.000000 1.000000 1.000000
"}
object={
	name="tree_cypress_01_generator_1_1"
	render_pass=Map
	clamp_to_water_level=no
	generated_content=yes
	layer="tree_high_layer"
	pdxmesh="tree_cypress_01_b_mesh"
	count=17
	transform="657.977905 0.000000 1408.619263 0.000000 0.697794 0.000000 -0.716299 1.000000 1.000000 1.000000
662.195557 0.000000 1422.632812 0.000000 0.761942 0.000000 -0.647646 1.000000 1.000000 1.000000
679.176636 0.000000 1419.615845 0.000000 0.788093 0.000000 -0.615556 1.000000 1.000000 1.000000
681.954468 0.000000 1432.603638 0.000000 0.958916 0.000000 -0.283691 1.000000 1.000000 1.000000
695.161011 0.000000 1419.615845 0.000000 0.999006 0.000000 -0.044576 1.000000 1.000000 1.000000
696.742249 0.000000 1416.479492 0.000000 0.863468 0.000000 -0.504403 1.000000 1.000000 1.000000
699.401550 0.000000 1417.718018 0.000000 0.982043 0.000000 -0.188659 1.000000 1.000000 1.000000
704.734436 0.000000 1410.483398 0.000000 0.997664 0.000000 -0.068313 1.000000 1.000000 1.000000
721.915405 0.000000 1414.615356 0.000000 0.693875 0.000000 -0.720095 1.000000 1.000000 1.000000
705.931030 0.000000 1426.607544 0.000000 0.849502 0.000000 -0.527586 1.000000 1.000000 1.000000
718.140869 0.000000 1422.632812 0.000000 0.998697 0.000000 -0.051038 1.000000 1.000000 1.000000
715.385925 0.000000 1423.714111 0.000000 0.768412 0.000000 -0.639955 1.000000 1.000000 1.000000
705.931030 0.000000 1432.603638 0.000000 0.773393 0.000000 -0.633927 1.000000 1.000000 1.000000
713.923218 0.000000 1432.603638 0.000000 0.993104 0.000000 -0.117241 1.000000 1.000000 1.000000
712.726624 0.000000 1428.471680 0.000000 0.770223 0.000000 -0.637774 1.000000 1.000000 1.000000
721.915405 0.000000 1420.611450 0.000000 0.992166 0.000000 -0.124929 1.000000 1.000000 1.000000
721.915405 0.000000 1426.607544 0.000000 0.985991 0.000000 -0.166797 1.000000 1.000000 1.000000
"}
object={
	name="tree_cypress_01_generator_1_2"
	render_pass=Map
	clamp_to_water_level=no
	generated_content=yes
	layer="tree_high_layer"
	pdxmesh="tree_cypress_01_c_mesh"
	count=9
	transform="681.954468 0.000000 1402.623169 0.000000 0.543861 0.000000 -0.839175 1.000000 1.000000 1.000000
702.156494 0.000000 1410.640625 0.000000 0.009594 0.000000 -0.999954 1.000000 1.000000 1.000000
702.156494 0.000000 1422.632812 0.000000 0.204654 0.000000 -0.978834 1.000000 1.000000 1.000000
710.148682 0.000000 1410.640625 0.000000 0.583276 0.000000 -0.812274 1.000000 1.000000 1.000000
712.726624 0.000000 1410.483398 0.000000 0.088246 0.000000 -0.996099 1.000000 1.000000 1.000000
711.145386 0.000000 1425.611938 0.000000 0.128533 0.000000 -0.991705 1.000000 1.000000 1.000000
719.137573 0.000000 1419.615845 0.000000 0.451606 0.000000 -0.892218 1.000000 1.000000 1.000000
711.422119 0.000000 1419.280396 0.000000 0.007060 0.000000 -0.999975 1.000000 1.000000 1.000000
720.718811 0.000000 1416.479492 0.000000 0.115130 0.000000 -0.993351 1.000000 1.000000 1.000000
"}
