object={
	name="tree_pine_01_a_generator_1_0"
	render_pass=Map
	clamp_to_water_level=no
	generated_content=yes
	layer="tree_high_layer"
	pdxmesh="tree_pine_single_01_a_mesh"
	count=199
	transform="681.954468 0.000000 1336.666138 0.000000 0.016565 0.000000 0.999863 1.000000 1.000000 1.000000
681.954468 0.000000 1342.662231 0.000000 0.313244 0.000000 0.949673 1.000000 1.000000 1.000000
689.946655 0.000000 1330.670044 0.000000 0.031706 0.000000 0.999497 1.000000 1.000000 1.000000
694.164307 0.000000 1338.687500 0.000000 0.373559 0.000000 0.927607 1.000000 1.000000 1.000000
697.938843 0.000000 1336.666138 0.000000 0.854369 0.000000 0.519667 1.000000 1.000000 1.000000
689.946655 0.000000 1348.658325 0.000000 0.856247 0.000000 0.516567 1.000000 1.000000 1.000000
694.164307 0.000000 1344.683594 0.000000 0.264618 0.000000 0.964353 1.000000 1.000000 1.000000
694.164307 0.000000 1350.679688 0.000000 0.850921 0.000000 0.525294 1.000000 1.000000 1.000000
696.742249 0.000000 1344.526367 0.000000 0.336700 0.000000 0.941612 1.000000 1.000000 1.000000
670.187744 0.000000 1422.632812 0.000000 0.156157 0.000000 0.987732 1.000000 1.000000 1.000000
700.613586 0.000000 1408.314087 0.000000 0.439049 0.000000 0.898463 1.000000 1.000000 1.000000
700.613586 0.000000 1414.310181 0.000000 0.668021 0.000000 0.744142 1.000000 1.000000 1.000000
701.214111 0.000000 1412.465820 0.000000 0.427120 0.000000 0.904195 1.000000 1.000000 1.000000
703.281250 0.000000 1409.088623 0.000000 0.544298 0.000000 0.838892 1.000000 1.000000 1.000000
680.757874 0.000000 1416.479492 0.000000 0.805795 0.000000 0.592194 1.000000 1.000000 1.000000
683.417175 0.000000 1423.714111 0.000000 0.801700 0.000000 0.597727 1.000000 1.000000 1.000000
691.409363 0.000000 1417.718018 0.000000 0.822081 0.000000 0.569371 1.000000 1.000000 1.000000
700.613586 0.000000 1420.306274 0.000000 0.392879 0.000000 0.919590 1.000000 1.000000 1.000000
701.214111 0.000000 1418.461914 0.000000 0.166967 0.000000 0.985962 1.000000 1.000000 1.000000
696.742249 0.000000 1428.471680 0.000000 0.574178 0.000000 0.818730 1.000000 1.000000 1.000000
703.153198 0.000000 1431.608032 0.000000 0.695359 0.000000 0.718663 1.000000 1.000000 1.000000
718.140869 0.000000 1356.675781 0.000000 0.476716 0.000000 0.879058 1.000000 1.000000 1.000000
735.121948 0.000000 1353.658813 0.000000 0.595269 0.000000 0.803527 1.000000 1.000000 1.000000
720.718811 0.000000 1356.518555 0.000000 0.308275 0.000000 0.951297 1.000000 1.000000 1.000000
713.923218 0.000000 1372.642700 0.000000 0.634435 0.000000 0.772976 1.000000 1.000000 1.000000
721.915405 0.000000 1378.638794 0.000000 0.827330 0.000000 0.561716 1.000000 1.000000 1.000000
737.899780 0.000000 1348.658325 0.000000 0.663982 0.000000 0.747748 1.000000 1.000000 1.000000
742.117432 0.000000 1344.683594 0.000000 0.839913 0.000000 0.542721 1.000000 1.000000 1.000000
736.703186 0.000000 1350.522461 0.000000 0.488094 0.000000 0.872791 1.000000 1.000000 1.000000
751.106323 0.000000 1353.658813 0.000000 0.530515 0.000000 0.847676 1.000000 1.000000 1.000000
735.398682 0.000000 1359.319458 0.000000 0.391047 0.000000 0.920371 1.000000 1.000000 1.000000
743.390869 0.000000 1359.319458 0.000000 0.277433 0.000000 0.960745 1.000000 1.000000 1.000000
753.884155 0.000000 1348.658325 0.000000 0.459887 0.000000 0.887978 1.000000 1.000000 1.000000
752.687561 0.000000 1356.518555 0.000000 0.501343 0.000000 0.865249 1.000000 1.000000 1.000000
751.383057 0.000000 1365.315552 0.000000 0.754458 0.000000 0.656348 1.000000 1.000000 1.000000
761.876343 0.000000 1360.650513 0.000000 0.280439 0.000000 0.959872 1.000000 1.000000 1.000000
761.876343 0.000000 1366.646606 0.000000 0.805430 0.000000 0.592691 1.000000 1.000000 1.000000
747.354675 0.000000 1369.749268 0.000000 0.840017 0.000000 0.542561 1.000000 1.000000 1.000000
713.923218 0.000000 1396.627075 0.000000 0.448378 0.000000 0.893844 1.000000 1.000000 1.000000
716.597961 0.000000 1402.317993 0.000000 0.853383 0.000000 0.521284 1.000000 1.000000 1.000000
703.429932 0.000000 1407.288208 0.000000 0.764411 0.000000 0.644729 1.000000 1.000000 1.000000
705.441467 0.000000 1406.448120 0.000000 0.187836 0.000000 0.982201 1.000000 1.000000 1.000000
703.429932 0.000000 1413.284302 0.000000 0.333315 0.000000 0.942815 1.000000 1.000000 1.000000
709.206299 0.000000 1412.465820 0.000000 0.662111 0.000000 0.749406 1.000000 1.000000 1.000000
711.273438 0.000000 1409.088623 0.000000 0.250029 0.000000 0.968238 1.000000 1.000000 1.000000
706.104980 0.000000 1409.374634 0.000000 0.159070 0.000000 0.987267 1.000000 1.000000 1.000000
707.133728 0.000000 1413.418457 0.000000 0.751679 0.000000 0.659529 1.000000 1.000000 1.000000
713.433655 0.000000 1406.448120 0.000000 0.712557 0.000000 0.701614 1.000000 1.000000 1.000000
717.198486 0.000000 1406.469727 0.000000 0.034026 0.000000 0.999421 1.000000 1.000000 1.000000
712.173767 0.000000 1408.865601 0.000000 0.514679 0.000000 0.857383 1.000000 1.000000 1.000000
719.265625 0.000000 1409.088623 0.000000 0.142413 0.000000 0.989807 1.000000 1.000000 1.000000
721.425842 0.000000 1406.448120 0.000000 0.165775 0.000000 0.986164 1.000000 1.000000 1.000000
720.165955 0.000000 1414.861694 0.000000 0.357794 0.000000 0.933800 1.000000 1.000000 1.000000
728.710999 0.000000 1410.483398 0.000000 0.645514 0.000000 0.763748 1.000000 1.000000 1.000000
703.429932 0.000000 1419.280396 0.000000 0.326162 0.000000 0.945314 1.000000 1.000000 1.000000
709.206299 0.000000 1418.461914 0.000000 0.411627 0.000000 0.911353 1.000000 1.000000 1.000000
711.273438 0.000000 1415.084717 0.000000 0.836995 0.000000 0.547210 1.000000 1.000000 1.000000
707.133728 0.000000 1419.414551 0.000000 0.383250 0.000000 0.923645 1.000000 1.000000 1.000000
709.441345 0.000000 1415.161011 0.000000 0.670913 0.000000 0.741536 1.000000 1.000000 1.000000
708.605774 0.000000 1426.302368 0.000000 0.177949 0.000000 0.984040 1.000000 1.000000 1.000000
705.441467 0.000000 1424.436401 0.000000 0.181338 0.000000 0.983421 1.000000 1.000000 1.000000
709.206299 0.000000 1424.458008 0.000000 0.023338 0.000000 0.999728 1.000000 1.000000 1.000000
711.273438 0.000000 1421.080811 0.000000 0.772173 0.000000 0.635413 1.000000 1.000000 1.000000
709.441345 0.000000 1421.157104 0.000000 0.659449 0.000000 0.751749 1.000000 1.000000 1.000000
713.433655 0.000000 1418.440308 0.000000 0.059825 0.000000 0.998209 1.000000 1.000000 1.000000
719.265625 0.000000 1415.084717 0.000000 0.245120 0.000000 0.969493 1.000000 1.000000 1.000000
712.173767 0.000000 1420.857788 0.000000 0.652762 0.000000 0.757563 1.000000 1.000000 1.000000
715.125916 0.000000 1419.414551 0.000000 0.659198 0.000000 0.751969 1.000000 1.000000 1.000000
711.535461 0.000000 1417.668945 0.000000 0.544967 0.000000 0.838457 1.000000 1.000000 1.000000
715.778381 0.000000 1421.097168 0.000000 0.026043 0.000000 0.999661 1.000000 1.000000 1.000000
713.433655 0.000000 1424.436401 0.000000 0.510489 0.000000 0.859885 1.000000 1.000000 1.000000
719.265625 0.000000 1421.080811 0.000000 0.053305 0.000000 0.998578 1.000000 1.000000 1.000000
714.097168 0.000000 1421.366821 0.000000 0.105050 0.000000 0.994467 1.000000 1.000000 1.000000
715.125916 0.000000 1425.410645 0.000000 0.581667 0.000000 0.813427 1.000000 1.000000 1.000000
705.931030 0.000000 1438.599731 0.000000 0.110258 0.000000 0.993903 1.000000 1.000000 1.000000
721.425842 0.000000 1418.440308 0.000000 0.512461 0.000000 0.858711 1.000000 1.000000 1.000000
722.089355 0.000000 1415.370728 0.000000 0.573699 0.000000 0.819067 1.000000 1.000000 1.000000
719.527649 0.000000 1417.668945 0.000000 0.693810 0.000000 0.720158 1.000000 1.000000 1.000000
719.414307 0.000000 1425.276489 0.000000 0.231357 0.000000 0.972869 1.000000 1.000000 1.000000
728.710999 0.000000 1422.475586 0.000000 0.537423 0.000000 0.843313 1.000000 1.000000 1.000000
745.891968 0.000000 1438.599731 0.000000 0.064596 0.000000 0.997912 1.000000 1.000000 1.000000
753.884155 0.000000 1438.599731 0.000000 0.436023 0.000000 0.899935 1.000000 1.000000 1.000000
766.093994 0.000000 1428.628906 0.000000 0.211867 0.000000 0.977298 1.000000 1.000000 1.000000
760.679749 0.000000 1434.467773 0.000000 0.096430 0.000000 0.995340 1.000000 1.000000 1.000000
679.176636 0.000000 1443.600220 0.000000 0.622771 0.000000 0.782404 1.000000 1.000000 1.000000
672.765686 0.000000 1446.459961 0.000000 0.446542 0.000000 0.894763 1.000000 1.000000 1.000000
680.757874 0.000000 1446.459961 0.000000 0.447317 0.000000 0.894376 1.000000 1.000000 1.000000
688.750061 0.000000 1440.463867 0.000000 0.682310 0.000000 0.731063 1.000000 1.000000 1.000000
737.899780 0.000000 1450.591919 0.000000 0.378541 0.000000 0.925585 1.000000 1.000000 1.000000
745.891968 0.000000 1444.595825 0.000000 0.306135 0.000000 0.951988 1.000000 1.000000 1.000000
745.891968 0.000000 1456.588013 0.000000 0.545601 0.000000 0.838045 1.000000 1.000000 1.000000
750.109619 0.000000 1458.609375 0.000000 0.838798 0.000000 0.544442 1.000000 1.000000 1.000000
758.101807 0.000000 1440.621094 0.000000 0.582703 0.000000 0.812685 1.000000 1.000000 1.000000
766.093994 0.000000 1446.617188 0.000000 0.665830 0.000000 0.746104 1.000000 1.000000 1.000000
767.090698 0.000000 1449.596313 0.000000 0.587732 0.000000 0.809056 1.000000 1.000000 1.000000
752.687561 0.000000 1452.456055 0.000000 0.830441 0.000000 0.557106 1.000000 1.000000 1.000000
761.876343 0.000000 1462.584106 0.000000 0.864410 0.000000 0.502787 1.000000 1.000000 1.000000
766.093994 0.000000 1458.609375 0.000000 0.150159 0.000000 0.988662 1.000000 1.000000 1.000000
737.899780 0.000000 1474.576294 0.000000 0.835310 0.000000 0.549779 1.000000 1.000000 1.000000
750.109619 0.000000 1464.605469 0.000000 0.181197 0.000000 0.983447 1.000000 1.000000 1.000000
745.891968 0.000000 1474.576294 0.000000 0.834249 0.000000 0.551387 1.000000 1.000000 1.000000
745.891968 0.000000 1480.572388 0.000000 0.579107 0.000000 0.815252 1.000000 1.000000 1.000000
753.884155 0.000000 1474.576294 0.000000 0.035949 0.000000 0.999354 1.000000 1.000000 1.000000
833.806030 0.000000 1342.662231 0.000000 0.186096 0.000000 0.982532 1.000000 1.000000 1.000000
793.845093 0.000000 1360.650513 0.000000 0.855086 0.000000 0.518486 1.000000 1.000000 1.000000
793.845093 0.000000 1366.646606 0.000000 0.653772 0.000000 0.756692 1.000000 1.000000 1.000000
798.062744 0.000000 1362.671875 0.000000 0.398335 0.000000 0.917240 1.000000 1.000000 1.000000
791.067261 0.000000 1371.647095 0.000000 0.085329 0.000000 0.996353 1.000000 1.000000 1.000000
785.852905 0.000000 1378.638794 0.000000 0.652722 0.000000 0.757598 1.000000 1.000000 1.000000
790.070557 0.000000 1374.664062 0.000000 0.015596 0.000000 0.999878 1.000000 1.000000 1.000000
798.062744 0.000000 1368.667969 0.000000 0.173261 0.000000 0.984876 1.000000 1.000000 1.000000
799.059448 0.000000 1371.647095 0.000000 0.402276 0.000000 0.915519 1.000000 1.000000 1.000000
801.837280 0.000000 1360.650513 0.000000 0.598703 0.000000 0.800971 1.000000 1.000000 1.000000
814.047119 0.000000 1356.675781 0.000000 0.436010 0.000000 0.899942 1.000000 1.000000 1.000000
809.829468 0.000000 1366.646606 0.000000 0.465908 0.000000 0.884833 1.000000 1.000000 1.000000
808.632874 0.000000 1362.514648 0.000000 0.475482 0.000000 0.879725 1.000000 1.000000 1.000000
817.821655 0.000000 1354.654419 0.000000 0.859804 0.000000 0.510624 1.000000 1.000000 1.000000
825.813843 0.000000 1354.654419 0.000000 0.745700 0.000000 0.666282 1.000000 1.000000 1.000000
817.821655 0.000000 1360.650513 0.000000 0.152253 0.000000 0.988342 1.000000 1.000000 1.000000
822.039307 0.000000 1356.675781 0.000000 0.416778 0.000000 0.909008 1.000000 1.000000 1.000000
816.625061 0.000000 1356.518555 0.000000 0.720569 0.000000 0.693383 1.000000 1.000000 1.000000
816.625061 0.000000 1362.514648 0.000000 0.429220 0.000000 0.903200 1.000000 1.000000 1.000000
825.813843 0.000000 1366.646606 0.000000 0.812178 0.000000 0.583410 1.000000 1.000000 1.000000
830.031494 0.000000 1362.671875 0.000000 0.280824 0.000000 0.959759 1.000000 1.000000 1.000000
801.837280 0.000000 1378.638794 0.000000 0.837849 0.000000 0.545902 1.000000 1.000000 1.000000
800.640686 0.000000 1374.506836 0.000000 0.092799 0.000000 0.995685 1.000000 1.000000 1.000000
808.632874 0.000000 1368.510742 0.000000 0.668640 0.000000 0.743587 1.000000 1.000000 1.000000
808.632874 0.000000 1374.506836 0.000000 0.144596 0.000000 0.989491 1.000000 1.000000 1.000000
817.821655 0.000000 1378.638794 0.000000 0.034372 0.000000 0.999409 1.000000 1.000000 1.000000
769.868530 0.000000 1432.603638 0.000000 0.270069 0.000000 0.962841 1.000000 1.000000 1.000000
769.868530 0.000000 1438.599731 0.000000 0.693363 0.000000 0.720589 1.000000 1.000000 1.000000
771.331238 0.000000 1435.706299 0.000000 0.589064 0.000000 0.808086 1.000000 1.000000 1.000000
777.860718 0.000000 1432.603638 0.000000 0.556077 0.000000 0.831131 1.000000 1.000000 1.000000
780.535461 0.000000 1438.294556 0.000000 0.188997 0.000000 0.981978 1.000000 1.000000 1.000000
784.656311 0.000000 1428.471680 0.000000 0.830892 0.000000 0.556433 1.000000 1.000000 1.000000
784.656311 0.000000 1434.467773 0.000000 0.718427 0.000000 0.695603 1.000000 1.000000 1.000000
791.067261 0.000000 1437.604126 0.000000 0.822261 0.000000 0.569110 1.000000 1.000000 1.000000
783.351807 0.000000 1437.268677 0.000000 0.419295 0.000000 0.907850 1.000000 1.000000 1.000000
793.845093 0.000000 1438.599731 0.000000 0.603901 0.000000 0.797059 1.000000 1.000000 1.000000
799.059448 0.000000 1437.604126 0.000000 0.516101 0.000000 0.856528 1.000000 1.000000 1.000000
801.837280 0.000000 1426.607544 0.000000 0.040428 0.000000 0.999182 1.000000 1.000000 1.000000
809.829468 0.000000 1426.607544 0.000000 0.623751 0.000000 0.781623 1.000000 1.000000 1.000000
800.640686 0.000000 1434.467773 0.000000 0.847594 0.000000 0.530645 1.000000 1.000000 1.000000
814.047119 0.000000 1434.625000 0.000000 0.266020 0.000000 0.963968 1.000000 1.000000 1.000000
808.632874 0.000000 1434.467773 0.000000 0.379786 0.000000 0.925075 1.000000 1.000000 1.000000
817.821655 0.000000 1432.603638 0.000000 0.295198 0.000000 0.955436 1.000000 1.000000 1.000000
817.821655 0.000000 1438.599731 0.000000 0.155484 0.000000 0.987838 1.000000 1.000000 1.000000
833.806030 0.000000 1360.650513 0.000000 0.598176 0.000000 0.801365 1.000000 1.000000 1.000000
841.798218 0.000000 1438.599731 0.000000 0.380756 0.000000 0.924676 1.000000 1.000000 1.000000
771.331238 0.000000 1441.702393 0.000000 0.658530 0.000000 0.752555 1.000000 1.000000 1.000000
769.868530 0.000000 1450.591919 0.000000 0.840414 0.000000 0.541945 1.000000 1.000000 1.000000
775.082886 0.000000 1449.596313 0.000000 0.171924 0.000000 0.985110 1.000000 1.000000 1.000000
777.860718 0.000000 1444.595825 0.000000 0.814955 0.000000 0.579524 1.000000 1.000000 1.000000
779.323425 0.000000 1441.702393 0.000000 0.296255 0.000000 0.955109 1.000000 1.000000 1.000000
782.078369 0.000000 1446.617188 0.000000 0.619543 0.000000 0.784963 1.000000 1.000000 1.000000
776.664124 0.000000 1446.459961 0.000000 0.290579 0.000000 0.956851 1.000000 1.000000 1.000000
775.359619 0.000000 1449.260864 0.000000 0.741118 0.000000 0.671375 1.000000 1.000000 1.000000
769.868530 0.000000 1456.588013 0.000000 0.854806 0.000000 0.518948 1.000000 1.000000 1.000000
768.671936 0.000000 1452.456055 0.000000 0.852922 0.000000 0.522038 1.000000 1.000000 1.000000
771.331238 0.000000 1453.694580 0.000000 0.584391 0.000000 0.811472 1.000000 1.000000 1.000000
776.664124 0.000000 1452.456055 0.000000 0.222403 0.000000 0.974955 1.000000 1.000000 1.000000
790.070557 0.000000 1440.621094 0.000000 0.037396 0.000000 0.999301 1.000000 1.000000 1.000000
791.067261 0.000000 1443.600220 0.000000 0.519504 0.000000 0.854468 1.000000 1.000000 1.000000
795.307800 0.000000 1441.702393 0.000000 0.200175 0.000000 0.979760 1.000000 1.000000 1.000000
793.845093 0.000000 1450.591919 0.000000 0.581388 0.000000 0.813627 1.000000 1.000000 1.000000
785.852905 0.000000 1456.588013 0.000000 0.488356 0.000000 0.872644 1.000000 1.000000 1.000000
785.852905 0.000000 1462.584106 0.000000 0.818169 0.000000 0.574978 1.000000 1.000000 1.000000
784.656311 0.000000 1458.452148 0.000000 0.547290 0.000000 0.836943 1.000000 1.000000 1.000000
793.845093 0.000000 1456.588013 0.000000 0.153459 0.000000 0.988155 1.000000 1.000000 1.000000
793.845093 0.000000 1462.584106 0.000000 0.588187 0.000000 0.808725 1.000000 1.000000 1.000000
782.078369 0.000000 1464.605469 0.000000 0.539008 0.000000 0.842301 1.000000 1.000000 1.000000
776.664124 0.000000 1464.448242 0.000000 0.177563 0.000000 0.984109 1.000000 1.000000 1.000000
777.860718 0.000000 1474.576294 0.000000 0.016706 0.000000 0.999860 1.000000 1.000000 1.000000
782.078369 0.000000 1470.601562 0.000000 0.758447 0.000000 0.651735 1.000000 1.000000 1.000000
785.852905 0.000000 1468.580200 0.000000 0.380146 0.000000 0.924926 1.000000 1.000000 1.000000
790.070557 0.000000 1464.605469 0.000000 0.754144 0.000000 0.656709 1.000000 1.000000 1.000000
785.852905 0.000000 1474.576294 0.000000 0.582310 0.000000 0.812967 1.000000 1.000000 1.000000
816.625061 0.000000 1440.463867 0.000000 0.650162 0.000000 0.759796 1.000000 1.000000 1.000000
825.813843 0.000000 1444.595825 0.000000 0.370315 0.000000 0.928906 1.000000 1.000000 1.000000
830.031494 0.000000 1440.621094 0.000000 0.356598 0.000000 0.934258 1.000000 1.000000 1.000000
825.813843 0.000000 1450.591919 0.000000 0.806800 0.000000 0.590825 1.000000 1.000000 1.000000
824.617249 0.000000 1446.459961 0.000000 0.130497 0.000000 0.991449 1.000000 1.000000 1.000000
833.806030 0.000000 1444.595825 0.000000 0.598461 0.000000 0.801152 1.000000 1.000000 1.000000
838.023682 0.000000 1440.621094 0.000000 0.009535 0.000000 0.999955 1.000000 1.000000 1.000000
832.609436 0.000000 1440.463867 0.000000 0.083783 0.000000 0.996484 1.000000 1.000000 1.000000
833.806030 0.000000 1450.591919 0.000000 0.576010 0.000000 0.817442 1.000000 1.000000 1.000000
832.609436 0.000000 1446.459961 0.000000 0.333627 0.000000 0.942705 1.000000 1.000000 1.000000
841.798218 0.000000 1444.595825 0.000000 0.679229 0.000000 0.733927 1.000000 1.000000 1.000000
838.023682 0.000000 1458.609375 0.000000 0.488046 0.000000 0.872818 1.000000 1.000000 1.000000
841.798218 0.000000 1456.588013 0.000000 0.618828 0.000000 0.785527 1.000000 1.000000 1.000000
841.798218 0.000000 1462.584106 0.000000 0.855004 0.000000 0.518622 1.000000 1.000000 1.000000
849.790405 0.000000 1462.584106 0.000000 0.673110 0.000000 0.739542 1.000000 1.000000 1.000000
838.023682 0.000000 1464.605469 0.000000 0.759101 0.000000 0.650973 1.000000 1.000000 1.000000
838.023682 0.000000 1470.601562 0.000000 0.002991 0.000000 0.999996 1.000000 1.000000 1.000000
841.798218 0.000000 1468.580200 0.000000 0.208795 0.000000 0.977959 1.000000 1.000000 1.000000
840.601624 0.000000 1470.444336 0.000000 0.737356 0.000000 0.675504 1.000000 1.000000 1.000000
838.023682 0.000000 1482.593750 0.000000 0.639495 0.000000 0.768795 1.000000 1.000000 1.000000
849.790405 0.000000 1474.576294 0.000000 0.129635 0.000000 0.991562 1.000000 1.000000 1.000000
849.790405 0.000000 1480.572388 0.000000 0.445511 0.000000 0.895276 1.000000 1.000000 1.000000
"}
object={
	name="tree_pine_01_a_generator_1_1"
	render_pass=Map
	clamp_to_water_level=no
	generated_content=yes
	layer="tree_high_layer"
	pdxmesh="tree_pine_single_01_b_mesh"
	count=195
	transform="697.938843 0.000000 1330.670044 0.000000 0.993525 0.000000 -0.113616 1.000000 1.000000 1.000000
689.946655 0.000000 1336.666138 0.000000 0.872219 0.000000 0.489115 1.000000 1.000000 1.000000
705.931030 0.000000 1342.662231 0.000000 0.974054 0.000000 0.226314 1.000000 1.000000 1.000000
737.899780 0.000000 1342.662231 0.000000 0.962279 0.000000 -0.272065 1.000000 1.000000 1.000000
686.172119 0.000000 1344.683594 0.000000 0.984839 0.000000 0.173472 1.000000 1.000000 1.000000
671.184448 0.000000 1437.604126 0.000000 0.946825 0.000000 0.321748 1.000000 1.000000 1.000000
695.437744 0.000000 1419.280396 0.000000 0.963595 0.000000 0.267368 1.000000 1.000000 1.000000
699.794006 0.000000 1415.101074 0.000000 0.943357 0.000000 0.331780 1.000000 1.000000 1.000000
699.794006 0.000000 1421.097168 0.000000 0.934303 0.000000 -0.356481 1.000000 1.000000 1.000000
703.281250 0.000000 1421.080811 0.000000 0.952787 0.000000 0.303640 1.000000 1.000000 1.000000
695.161011 0.000000 1431.608032 0.000000 0.879457 0.000000 -0.475979 1.000000 1.000000 1.000000
691.409363 0.000000 1429.710205 0.000000 0.866140 0.000000 0.499802 1.000000 1.000000 1.000000
699.401550 0.000000 1429.710205 0.000000 0.995735 0.000000 0.092256 1.000000 1.000000 1.000000
713.923218 0.000000 1354.654419 0.000000 0.962230 0.000000 0.272239 1.000000 1.000000 1.000000
713.923218 0.000000 1366.646606 0.000000 0.972517 0.000000 0.232830 1.000000 1.000000 1.000000
734.125244 0.000000 1350.679688 0.000000 0.955159 0.000000 -0.296092 1.000000 1.000000 1.000000
731.370300 0.000000 1369.749268 0.000000 0.997004 0.000000 0.077353 1.000000 1.000000 1.000000
740.574524 0.000000 1366.341431 0.000000 0.973764 0.000000 0.227562 1.000000 1.000000 1.000000
758.101807 0.000000 1362.671875 0.000000 0.999853 0.000000 0.017122 1.000000 1.000000 1.000000
751.106323 0.000000 1371.647095 0.000000 0.941980 0.000000 -0.335670 1.000000 1.000000 1.000000
752.687561 0.000000 1374.506836 0.000000 0.996413 0.000000 0.084624 1.000000 1.000000 1.000000
761.876343 0.000000 1378.638794 0.000000 0.987554 0.000000 0.157282 1.000000 1.000000 1.000000
708.605774 0.000000 1402.317993 0.000000 0.999581 0.000000 0.028938 1.000000 1.000000 1.000000
711.422119 0.000000 1401.292114 0.000000 0.996897 0.000000 -0.078713 1.000000 1.000000 1.000000
708.605774 0.000000 1414.310181 0.000000 0.930087 0.000000 -0.367340 1.000000 1.000000 1.000000
704.181580 0.000000 1414.861694 0.000000 0.946128 0.000000 0.323792 1.000000 1.000000 1.000000
710.063049 0.000000 1414.564331 0.000000 0.994660 0.000000 -0.103202 1.000000 1.000000 1.000000
716.597961 0.000000 1408.314087 0.000000 0.992612 0.000000 -0.121334 1.000000 1.000000 1.000000
715.778381 0.000000 1403.108887 0.000000 0.903057 0.000000 0.429521 1.000000 1.000000 1.000000
713.433655 0.000000 1412.444214 0.000000 0.983775 0.000000 0.179405 1.000000 1.000000 1.000000
717.198486 0.000000 1412.465820 0.000000 0.990685 0.000000 0.136171 1.000000 1.000000 1.000000
715.125916 0.000000 1413.418457 0.000000 0.965820 0.000000 -0.259214 1.000000 1.000000 1.000000
729.907593 0.000000 1402.623169 0.000000 0.886837 0.000000 0.462083 1.000000 1.000000 1.000000
726.133057 0.000000 1404.644531 0.000000 0.951841 0.000000 -0.306592 1.000000 1.000000 1.000000
719.414307 0.000000 1407.288208 0.000000 0.884829 0.000000 0.465916 1.000000 1.000000 1.000000
719.414307 0.000000 1413.284302 0.000000 0.887434 0.000000 0.460934 1.000000 1.000000 1.000000
721.425842 0.000000 1412.444214 0.000000 0.963248 0.000000 -0.268612 1.000000 1.000000 1.000000
719.527649 0.000000 1411.672852 0.000000 0.998709 0.000000 0.050805 1.000000 1.000000 1.000000
707.786194 0.000000 1415.101074 0.000000 0.888232 0.000000 -0.459395 1.000000 1.000000 1.000000
706.104980 0.000000 1415.370728 0.000000 0.983113 0.000000 0.183000 1.000000 1.000000 1.000000
704.181580 0.000000 1420.857788 0.000000 0.997344 0.000000 0.072830 1.000000 1.000000 1.000000
708.543030 0.000000 1416.593384 0.000000 0.998392 0.000000 -0.056679 1.000000 1.000000 1.000000
703.429932 0.000000 1425.276489 0.000000 0.979179 0.000000 0.202997 1.000000 1.000000 1.000000
707.786194 0.000000 1421.097168 0.000000 0.996262 0.000000 0.086377 1.000000 1.000000 1.000000
716.597961 0.000000 1420.306274 0.000000 0.989318 0.000000 -0.145773 1.000000 1.000000 1.000000
715.778381 0.000000 1415.101074 0.000000 0.929783 0.000000 0.368109 1.000000 1.000000 1.000000
717.198486 0.000000 1418.461914 0.000000 0.999256 0.000000 -0.038579 1.000000 1.000000 1.000000
714.072266 0.000000 1417.021606 0.000000 0.990141 0.000000 0.140074 1.000000 1.000000 1.000000
711.422119 0.000000 1425.276489 0.000000 0.988823 0.000000 -0.149092 1.000000 1.000000 1.000000
716.597961 0.000000 1426.302368 0.000000 0.980815 0.000000 -0.194943 1.000000 1.000000 1.000000
711.535461 0.000000 1423.665039 0.000000 0.870031 0.000000 0.492996 1.000000 1.000000 1.000000
707.786194 0.000000 1427.093262 0.000000 0.997298 0.000000 0.073461 1.000000 1.000000 1.000000
711.273438 0.000000 1427.076904 0.000000 0.994406 0.000000 -0.105627 1.000000 1.000000 1.000000
710.148682 0.000000 1434.625000 0.000000 0.997576 0.000000 0.069581 1.000000 1.000000 1.000000
715.778381 0.000000 1427.093262 0.000000 0.902226 0.000000 0.431263 1.000000 1.000000 1.000000
713.923218 0.000000 1438.599731 0.000000 0.986944 0.000000 0.161066 1.000000 1.000000 1.000000
712.726624 0.000000 1434.467773 0.000000 0.946036 0.000000 0.324062 1.000000 1.000000 1.000000
724.590149 0.000000 1420.306274 0.000000 0.882233 0.000000 0.470814 1.000000 1.000000 1.000000
723.770569 0.000000 1415.101074 0.000000 0.910323 0.000000 0.413898 1.000000 1.000000 1.000000
729.907593 0.000000 1420.611450 0.000000 0.964700 0.000000 -0.263353 1.000000 1.000000 1.000000
729.907593 0.000000 1426.607544 0.000000 0.970146 0.000000 0.242523 1.000000 1.000000 1.000000
723.378113 0.000000 1429.710205 0.000000 0.999942 0.000000 -0.010747 1.000000 1.000000 1.000000
737.899780 0.000000 1438.599731 0.000000 0.955012 0.000000 0.296568 1.000000 1.000000 1.000000
745.891968 0.000000 1432.603638 0.000000 0.970861 0.000000 -0.239642 1.000000 1.000000 1.000000
750.109619 0.000000 1434.625000 0.000000 0.895719 0.000000 0.444621 1.000000 1.000000 1.000000
761.876343 0.000000 1426.607544 0.000000 0.983750 0.000000 0.179545 1.000000 1.000000 1.000000
758.101807 0.000000 1434.625000 0.000000 0.897235 0.000000 0.441554 1.000000 1.000000 1.000000
752.687561 0.000000 1434.467773 0.000000 0.968728 0.000000 -0.248125 1.000000 1.000000 1.000000
766.093994 0.000000 1434.625000 0.000000 0.958133 0.000000 0.286323 1.000000 1.000000 1.000000
683.417175 0.000000 1441.702393 0.000000 0.899166 0.000000 -0.437609 1.000000 1.000000 1.000000
737.899780 0.000000 1444.595825 0.000000 0.910678 0.000000 0.413117 1.000000 1.000000 1.000000
742.117432 0.000000 1440.621094 0.000000 0.989333 0.000000 0.145674 1.000000 1.000000 1.000000
744.695374 0.000000 1440.463867 0.000000 0.966553 0.000000 -0.256467 1.000000 1.000000 1.000000
751.106323 0.000000 1443.600220 0.000000 0.910052 0.000000 0.414495 1.000000 1.000000 1.000000
745.891968 0.000000 1450.591919 0.000000 0.945690 0.000000 0.325071 1.000000 1.000000 1.000000
750.109619 0.000000 1446.617188 0.000000 0.966738 0.000000 -0.255769 1.000000 1.000000 1.000000
744.695374 0.000000 1446.459961 0.000000 0.975271 0.000000 0.221014 1.000000 1.000000 1.000000
742.117432 0.000000 1452.613281 0.000000 0.905294 0.000000 -0.424785 1.000000 1.000000 1.000000
758.101807 0.000000 1446.617188 0.000000 0.915817 0.000000 0.401596 1.000000 1.000000 1.000000
759.098511 0.000000 1449.596313 0.000000 0.908262 0.000000 0.418403 1.000000 1.000000 1.000000
766.093994 0.000000 1440.621094 0.000000 0.964471 0.000000 -0.264190 1.000000 1.000000 1.000000
767.090698 0.000000 1443.600220 0.000000 0.973476 0.000000 0.228789 1.000000 1.000000 1.000000
763.339050 0.000000 1441.702393 0.000000 0.968724 0.000000 0.248141 1.000000 1.000000 1.000000
753.884155 0.000000 1462.584106 0.000000 0.998584 0.000000 0.053204 1.000000 1.000000 1.000000
761.876343 0.000000 1456.588013 0.000000 0.962046 0.000000 -0.272888 1.000000 1.000000 1.000000
766.093994 0.000000 1452.613281 0.000000 0.930113 0.000000 -0.367273 1.000000 1.000000 1.000000
760.679749 0.000000 1452.456055 0.000000 0.982000 0.000000 0.188879 1.000000 1.000000 1.000000
742.117432 0.000000 1464.605469 0.000000 0.931066 0.000000 -0.364852 1.000000 1.000000 1.000000
742.117432 0.000000 1470.601562 0.000000 0.977370 0.000000 0.211538 1.000000 1.000000 1.000000
744.695374 0.000000 1464.448242 0.000000 0.892137 0.000000 0.451764 1.000000 1.000000 1.000000
753.884155 0.000000 1468.580200 0.000000 0.961354 0.000000 -0.275316 1.000000 1.000000 1.000000
790.070557 0.000000 1362.671875 0.000000 0.952162 0.000000 0.305593 1.000000 1.000000 1.000000
792.648499 0.000000 1362.514648 0.000000 0.885734 0.000000 -0.464193 1.000000 1.000000 1.000000
790.070557 0.000000 1368.667969 0.000000 0.897097 0.000000 -0.441834 1.000000 1.000000 1.000000
792.648499 0.000000 1368.510742 0.000000 0.888763 0.000000 -0.458367 1.000000 1.000000 1.000000
793.845093 0.000000 1378.638794 0.000000 0.942070 0.000000 0.335417 1.000000 1.000000 1.000000
792.648499 0.000000 1374.506836 0.000000 0.947384 0.000000 0.320101 1.000000 1.000000 1.000000
793.845093 0.000000 1384.634888 0.000000 0.955889 0.000000 0.293729 1.000000 1.000000 1.000000
798.062744 0.000000 1380.660156 0.000000 0.997149 0.000000 -0.075454 1.000000 1.000000 1.000000
801.837280 0.000000 1354.654419 0.000000 0.975912 0.000000 0.218166 1.000000 1.000000 1.000000
801.837280 0.000000 1366.646606 0.000000 0.932069 0.000000 0.362281 1.000000 1.000000 1.000000
806.054932 0.000000 1362.671875 0.000000 0.942216 0.000000 0.335005 1.000000 1.000000 1.000000
809.829468 0.000000 1360.650513 0.000000 0.991416 0.000000 -0.130742 1.000000 1.000000 1.000000
814.047119 0.000000 1362.671875 0.000000 0.921648 0.000000 -0.388027 1.000000 1.000000 1.000000
822.039307 0.000000 1350.679688 0.000000 0.988832 0.000000 -0.149035 1.000000 1.000000 1.000000
825.813843 0.000000 1348.658325 0.000000 0.956697 0.000000 -0.291086 1.000000 1.000000 1.000000
830.031494 0.000000 1350.679688 0.000000 0.877999 0.000000 0.478662 1.000000 1.000000 1.000000
817.821655 0.000000 1366.646606 0.000000 0.999716 0.000000 0.023844 1.000000 1.000000 1.000000
830.031494 0.000000 1356.675781 0.000000 0.948697 0.000000 0.316187 1.000000 1.000000 1.000000
824.617249 0.000000 1356.518555 0.000000 0.998370 0.000000 -0.057080 1.000000 1.000000 1.000000
806.054932 0.000000 1368.667969 0.000000 0.919578 0.000000 -0.392907 1.000000 1.000000 1.000000
807.051636 0.000000 1371.647095 0.000000 0.990104 0.000000 0.140338 1.000000 1.000000 1.000000
806.054932 0.000000 1374.664062 0.000000 0.877472 0.000000 -0.479628 1.000000 1.000000 1.000000
806.054932 0.000000 1380.660156 0.000000 0.999364 0.000000 -0.035660 1.000000 1.000000 1.000000
817.821655 0.000000 1372.642700 0.000000 0.972402 0.000000 0.233312 1.000000 1.000000 1.000000
822.039307 0.000000 1368.667969 0.000000 0.997843 0.000000 -0.065642 1.000000 1.000000 1.000000
769.868530 0.000000 1426.607544 0.000000 0.925928 0.000000 0.377699 1.000000 1.000000 1.000000
774.086182 0.000000 1428.628906 0.000000 0.976311 0.000000 -0.216372 1.000000 1.000000 1.000000
775.082886 0.000000 1431.608032 0.000000 0.968005 0.000000 -0.250931 1.000000 1.000000 1.000000
774.086182 0.000000 1434.625000 0.000000 0.983366 0.000000 0.181637 1.000000 1.000000 1.000000
768.671936 0.000000 1434.467773 0.000000 0.939431 0.000000 0.342738 1.000000 1.000000 1.000000
783.075073 0.000000 1431.608032 0.000000 0.998948 0.000000 0.045868 1.000000 1.000000 1.000000
777.860718 0.000000 1438.599731 0.000000 0.919540 0.000000 0.392996 1.000000 1.000000 1.000000
782.078369 0.000000 1434.625000 0.000000 0.967112 0.000000 0.254350 1.000000 1.000000 1.000000
783.075073 0.000000 1437.604126 0.000000 0.999896 0.000000 -0.014391 1.000000 1.000000 1.000000
775.359619 0.000000 1437.268677 0.000000 0.994573 0.000000 -0.104036 1.000000 1.000000 1.000000
793.845093 0.000000 1420.611450 0.000000 0.916701 0.000000 -0.399574 1.000000 1.000000 1.000000
785.852905 0.000000 1432.603638 0.000000 0.981714 0.000000 -0.190362 1.000000 1.000000 1.000000
790.070557 0.000000 1428.628906 0.000000 0.984830 0.000000 0.173524 1.000000 1.000000 1.000000
791.067261 0.000000 1431.608032 0.000000 0.988555 0.000000 -0.150860 1.000000 1.000000 1.000000
785.852905 0.000000 1438.599731 0.000000 0.964287 0.000000 -0.264859 1.000000 1.000000 1.000000
790.070557 0.000000 1434.625000 0.000000 0.998629 0.000000 0.052350 1.000000 1.000000 1.000000
795.307800 0.000000 1435.706299 0.000000 0.951775 0.000000 0.306795 1.000000 1.000000 1.000000
801.837280 0.000000 1432.603638 0.000000 0.997766 0.000000 0.066799 1.000000 1.000000 1.000000
806.054932 0.000000 1428.628906 0.000000 0.999007 0.000000 0.044550 1.000000 1.000000 1.000000
809.829468 0.000000 1432.603638 0.000000 0.975216 0.000000 0.221253 1.000000 1.000000 1.000000
809.829468 0.000000 1438.599731 0.000000 0.965948 0.000000 -0.258736 1.000000 1.000000 1.000000
825.813843 0.000000 1426.607544 0.000000 0.998064 0.000000 -0.062188 1.000000 1.000000 1.000000
822.039307 0.000000 1428.628906 0.000000 0.999995 0.000000 -0.003052 1.000000 1.000000 1.000000
825.813843 0.000000 1438.599731 0.000000 0.999697 0.000000 -0.024615 1.000000 1.000000 1.000000
830.031494 0.000000 1434.625000 0.000000 0.984008 0.000000 -0.178122 1.000000 1.000000 1.000000
824.617249 0.000000 1434.467773 0.000000 0.996314 0.000000 0.085781 1.000000 1.000000 1.000000
833.806030 0.000000 1354.654419 0.000000 0.997501 0.000000 0.070651 1.000000 1.000000 1.000000
833.806030 0.000000 1432.603638 0.000000 0.997959 0.000000 -0.063864 1.000000 1.000000 1.000000
849.790405 0.000000 1438.599731 0.000000 0.967495 0.000000 0.252889 1.000000 1.000000 1.000000
768.671936 0.000000 1440.463867 0.000000 0.928338 0.000000 -0.371737 1.000000 1.000000 1.000000
775.082886 0.000000 1443.600220 0.000000 0.921804 0.000000 0.387657 1.000000 1.000000 1.000000
768.671936 0.000000 1446.459961 0.000000 0.993195 0.000000 0.116465 1.000000 1.000000 1.000000
771.331238 0.000000 1447.698486 0.000000 0.930477 0.000000 0.366350 1.000000 1.000000 1.000000
782.078369 0.000000 1440.621094 0.000000 0.995848 0.000000 -0.091028 1.000000 1.000000 1.000000
776.664124 0.000000 1440.463867 0.000000 0.981293 0.000000 0.192519 1.000000 1.000000 1.000000
779.323425 0.000000 1447.698486 0.000000 0.996820 0.000000 -0.079685 1.000000 1.000000 1.000000
774.086182 0.000000 1452.613281 0.000000 0.964921 0.000000 0.262539 1.000000 1.000000 1.000000
775.082886 0.000000 1455.592407 0.000000 0.957600 0.000000 0.288101 1.000000 1.000000 1.000000
769.868530 0.000000 1462.584106 0.000000 0.936019 0.000000 0.351950 1.000000 1.000000 1.000000
774.086182 0.000000 1458.609375 0.000000 0.999714 0.000000 0.023906 1.000000 1.000000 1.000000
777.860718 0.000000 1462.584106 0.000000 0.998967 0.000000 -0.045437 1.000000 1.000000 1.000000
776.664124 0.000000 1458.452148 0.000000 0.997975 0.000000 0.063614 1.000000 1.000000 1.000000
783.075073 0.000000 1461.588501 0.000000 0.996530 0.000000 -0.083236 1.000000 1.000000 1.000000
785.852905 0.000000 1444.595825 0.000000 0.996751 0.000000 0.080545 1.000000 1.000000 1.000000
787.315613 0.000000 1441.702393 0.000000 0.930121 0.000000 -0.367254 1.000000 1.000000 1.000000
785.852905 0.000000 1450.591919 0.000000 0.876682 0.000000 -0.481070 1.000000 1.000000 1.000000
790.070557 0.000000 1446.617188 0.000000 0.994018 0.000000 0.109220 1.000000 1.000000 1.000000
798.062744 0.000000 1440.621094 0.000000 0.888845 0.000000 -0.458208 1.000000 1.000000 1.000000
799.059448 0.000000 1443.600220 0.000000 0.946968 0.000000 0.321327 1.000000 1.000000 1.000000
798.062744 0.000000 1446.617188 0.000000 0.913812 0.000000 -0.406139 1.000000 1.000000 1.000000
792.648499 0.000000 1446.459961 0.000000 0.965346 0.000000 -0.260972 1.000000 1.000000 1.000000
784.656311 0.000000 1452.456055 0.000000 0.931123 0.000000 0.364706 1.000000 1.000000 1.000000
774.086182 0.000000 1464.605469 0.000000 0.907531 0.000000 0.419985 1.000000 1.000000 1.000000
777.860718 0.000000 1468.580200 0.000000 0.954380 0.000000 -0.298594 1.000000 1.000000 1.000000
784.656311 0.000000 1464.448242 0.000000 0.993042 0.000000 -0.117757 1.000000 1.000000 1.000000
793.845093 0.000000 1468.580200 0.000000 0.967035 0.000000 0.254645 1.000000 1.000000 1.000000
801.837280 0.000000 1444.595825 0.000000 0.870844 0.000000 0.491559 1.000000 1.000000 1.000000
800.640686 0.000000 1440.463867 0.000000 0.980763 0.000000 -0.195201 1.000000 1.000000 1.000000
801.837280 0.000000 1450.591919 0.000000 0.890388 0.000000 -0.455203 1.000000 1.000000 1.000000
808.632874 0.000000 1440.463867 0.000000 0.971884 0.000000 0.235462 1.000000 1.000000 1.000000
801.837280 0.000000 1456.588013 0.000000 0.991945 0.000000 -0.126672 1.000000 1.000000 1.000000
817.821655 0.000000 1444.595825 0.000000 0.921483 0.000000 0.388419 1.000000 1.000000 1.000000
822.039307 0.000000 1440.621094 0.000000 0.871133 0.000000 0.491047 1.000000 1.000000 1.000000
817.821655 0.000000 1450.591919 0.000000 0.969097 0.000000 0.246679 1.000000 1.000000 1.000000
822.039307 0.000000 1446.617188 0.000000 0.981521 0.000000 0.191356 1.000000 1.000000 1.000000
830.031494 0.000000 1446.617188 0.000000 0.913006 0.000000 0.407946 1.000000 1.000000 1.000000
830.031494 0.000000 1452.613281 0.000000 0.995375 0.000000 -0.096061 1.000000 1.000000 1.000000
841.798218 0.000000 1450.591919 0.000000 0.876074 0.000000 0.482177 1.000000 1.000000 1.000000
838.023682 0.000000 1452.613281 0.000000 0.993915 0.000000 -0.110154 1.000000 1.000000 1.000000
833.806030 0.000000 1462.584106 0.000000 0.947875 0.000000 -0.318643 1.000000 1.000000 1.000000
849.790405 0.000000 1456.588013 0.000000 0.983328 0.000000 -0.181838 1.000000 1.000000 1.000000
833.806030 0.000000 1474.576294 0.000000 0.961324 0.000000 -0.275418 1.000000 1.000000 1.000000
841.798218 0.000000 1474.576294 0.000000 0.977800 0.000000 -0.209539 1.000000 1.000000 1.000000
838.023682 0.000000 1476.597656 0.000000 0.900314 0.000000 0.435241 1.000000 1.000000 1.000000
846.015869 0.000000 1476.597656 0.000000 0.986567 0.000000 -0.163358 1.000000 1.000000 1.000000
840.601624 0.000000 1476.440430 0.000000 0.900707 0.000000 -0.434427 1.000000 1.000000 1.000000
841.798218 0.000000 1486.568481 0.000000 0.927090 0.000000 0.374840 1.000000 1.000000 1.000000
846.015869 0.000000 1482.593750 0.000000 0.934700 0.000000 0.355437 1.000000 1.000000 1.000000
849.790405 0.000000 1486.568481 0.000000 0.994059 0.000000 -0.108840 1.000000 1.000000 1.000000
"}
object={
	name="tree_pine_01_a_generator_1_2"
	render_pass=Map
	clamp_to_water_level=no
	generated_content=yes
	layer="tree_high_layer"
	pdxmesh="tree_pine_single_01_c_mesh"
	count=196
	transform="686.172119 0.000000 1338.687500 0.000000 0.801426 0.000000 -0.598094 1.000000 1.000000 1.000000
705.931030 0.000000 1336.666138 0.000000 0.806999 0.000000 -0.590553 1.000000 1.000000 1.000000
745.891968 0.000000 1342.662231 0.000000 0.292015 0.000000 -0.956414 1.000000 1.000000 1.000000
753.884155 0.000000 1342.662231 0.000000 0.578847 0.000000 -0.815436 1.000000 1.000000 1.000000
681.954468 0.000000 1348.658325 0.000000 0.532339 0.000000 -0.846531 1.000000 1.000000 1.000000
688.750061 0.000000 1344.526367 0.000000 0.122978 0.000000 -0.992409 1.000000 1.000000 1.000000
689.946655 0.000000 1354.654419 0.000000 0.000485 0.000000 -1.000000 1.000000 1.000000 1.000000
702.156494 0.000000 1344.683594 0.000000 0.817373 0.000000 -0.576109 1.000000 1.000000 1.000000
697.938843 0.000000 1354.654419 0.000000 0.776772 0.000000 -0.629782 1.000000 1.000000 1.000000
665.970093 0.000000 1426.607544 0.000000 0.308361 0.000000 -0.951269 1.000000 1.000000 1.000000
673.962280 0.000000 1414.615356 0.000000 0.163119 0.000000 -0.986606 1.000000 1.000000 1.000000
686.172119 0.000000 1404.644531 0.000000 0.358229 0.000000 -0.933634 1.000000 1.000000 1.000000
695.437744 0.000000 1413.284302 0.000000 0.298112 0.000000 -0.954531 1.000000 1.000000 1.000000
679.176636 0.000000 1425.611938 0.000000 0.747895 0.000000 -0.663817 1.000000 1.000000 1.000000
675.424988 0.000000 1429.710205 0.000000 0.573338 0.000000 -0.819319 1.000000 1.000000 1.000000
703.281250 0.000000 1415.084717 0.000000 0.308610 0.000000 -0.951189 1.000000 1.000000 1.000000
695.437744 0.000000 1425.276489 0.000000 0.100904 0.000000 -0.994896 1.000000 1.000000 1.000000
700.613586 0.000000 1426.302368 0.000000 0.738218 0.000000 -0.674562 1.000000 1.000000 1.000000
702.156494 0.000000 1434.625000 0.000000 0.842277 0.000000 -0.539045 1.000000 1.000000 1.000000
705.931030 0.000000 1348.658325 0.000000 0.147905 0.000000 -0.989002 1.000000 1.000000 1.000000
721.915405 0.000000 1354.654419 0.000000 0.499097 0.000000 -0.866546 1.000000 1.000000 1.000000
729.907593 0.000000 1348.658325 0.000000 0.189834 0.000000 -0.981816 1.000000 1.000000 1.000000
723.378113 0.000000 1363.753174 0.000000 0.423884 0.000000 -0.905717 1.000000 1.000000 1.000000
731.370300 0.000000 1357.757080 0.000000 0.718055 0.000000 -0.695987 1.000000 1.000000 1.000000
720.718811 0.000000 1368.510742 0.000000 0.150755 0.000000 -0.988571 1.000000 1.000000 1.000000
726.133057 0.000000 1374.664062 0.000000 0.423676 0.000000 -0.905814 1.000000 1.000000 1.000000
728.710999 0.000000 1374.506836 0.000000 0.743599 0.000000 -0.668625 1.000000 1.000000 1.000000
750.109619 0.000000 1350.679688 0.000000 0.370648 0.000000 -0.928774 1.000000 1.000000 1.000000
740.574524 0.000000 1360.345337 0.000000 0.002996 0.000000 -0.999996 1.000000 1.000000 1.000000
743.390869 0.000000 1365.315552 0.000000 0.479086 0.000000 -0.877768 1.000000 1.000000 1.000000
761.876343 0.000000 1354.654419 0.000000 0.459235 0.000000 -0.888315 1.000000 1.000000 1.000000
758.101807 0.000000 1356.675781 0.000000 0.705843 0.000000 -0.708369 1.000000 1.000000 1.000000
705.931030 0.000000 1396.627075 0.000000 0.798185 0.000000 -0.602413 1.000000 1.000000 1.000000
719.137573 0.000000 1401.627563 0.000000 0.602917 0.000000 -0.797804 1.000000 1.000000 1.000000
708.605774 0.000000 1408.314087 0.000000 0.188432 0.000000 -0.982086 1.000000 1.000000 1.000000
709.206299 0.000000 1406.469727 0.000000 0.010813 0.000000 -0.999942 1.000000 1.000000 1.000000
707.786194 0.000000 1409.104980 0.000000 0.561600 0.000000 -0.827409 1.000000 1.000000 1.000000
705.441467 0.000000 1412.444214 0.000000 0.841181 0.000000 -0.540753 1.000000 1.000000 1.000000
711.422119 0.000000 1407.288208 0.000000 0.246924 0.000000 -0.969035 1.000000 1.000000 1.000000
716.597961 0.000000 1414.310181 0.000000 0.353598 0.000000 -0.935398 1.000000 1.000000 1.000000
715.778381 0.000000 1409.104980 0.000000 0.616643 0.000000 -0.787243 1.000000 1.000000 1.000000
714.097168 0.000000 1409.374634 0.000000 0.379268 0.000000 -0.925287 1.000000 1.000000 1.000000
712.173767 0.000000 1414.861694 0.000000 0.830153 0.000000 -0.557535 1.000000 1.000000 1.000000
711.535461 0.000000 1411.672852 0.000000 0.719141 0.000000 -0.694864 1.000000 1.000000 1.000000
714.072266 0.000000 1411.025513 0.000000 0.076442 0.000000 -0.997074 1.000000 1.000000 1.000000
727.129761 0.000000 1407.623657 0.000000 0.746265 0.000000 -0.665649 1.000000 1.000000 1.000000
724.590149 0.000000 1408.314087 0.000000 0.091197 0.000000 -0.995833 1.000000 1.000000 1.000000
724.590149 0.000000 1414.310181 0.000000 0.806814 0.000000 -0.590805 1.000000 1.000000 1.000000
723.770569 0.000000 1409.104980 0.000000 0.194448 0.000000 -0.980913 1.000000 1.000000 1.000000
729.907593 0.000000 1408.619263 0.000000 0.820576 0.000000 -0.571538 1.000000 1.000000 1.000000
729.907593 0.000000 1414.615356 0.000000 0.790566 0.000000 -0.612377 1.000000 1.000000 1.000000
727.406494 0.000000 1413.284302 0.000000 0.498252 0.000000 -0.867032 1.000000 1.000000 1.000000
708.605774 0.000000 1420.306274 0.000000 0.664262 0.000000 -0.747500 1.000000 1.000000 1.000000
705.441467 0.000000 1418.440308 0.000000 0.145489 0.000000 -0.989360 1.000000 1.000000 1.000000
706.104980 0.000000 1421.366821 0.000000 0.797706 0.000000 -0.603047 1.000000 1.000000 1.000000
714.097168 0.000000 1415.370728 0.000000 0.610363 0.000000 -0.792122 1.000000 1.000000 1.000000
717.433533 0.000000 1415.161011 0.000000 0.793295 0.000000 -0.608838 1.000000 1.000000 1.000000
716.535217 0.000000 1416.593384 0.000000 0.690187 0.000000 -0.723631 1.000000 1.000000 1.000000
717.198486 0.000000 1424.458008 0.000000 0.690680 0.000000 -0.723161 1.000000 1.000000 1.000000
717.433533 0.000000 1421.157104 0.000000 0.422392 0.000000 -0.906413 1.000000 1.000000 1.000000
711.422119 0.000000 1431.272583 0.000000 0.611532 0.000000 -0.791219 1.000000 1.000000 1.000000
718.140869 0.000000 1434.625000 0.000000 0.529930 0.000000 -0.848041 1.000000 1.000000 1.000000
719.414307 0.000000 1419.280396 0.000000 0.783954 0.000000 -0.620818 1.000000 1.000000 1.000000
723.770569 0.000000 1421.097168 0.000000 0.015618 0.000000 -0.999878 1.000000 1.000000 1.000000
721.425842 0.000000 1424.436401 0.000000 0.737973 0.000000 -0.674830 1.000000 1.000000 1.000000
728.710999 0.000000 1416.479492 0.000000 0.826760 0.000000 -0.562555 1.000000 1.000000 1.000000
727.406494 0.000000 1419.280396 0.000000 0.022789 0.000000 -0.999740 1.000000 1.000000 1.000000
721.915405 0.000000 1432.603638 0.000000 0.606426 0.000000 -0.795140 1.000000 1.000000 1.000000
753.884155 0.000000 1432.603638 0.000000 0.163226 0.000000 -0.986589 1.000000 1.000000 1.000000
759.098511 0.000000 1437.604126 0.000000 0.857950 0.000000 -0.513734 1.000000 1.000000 1.000000
761.876343 0.000000 1432.603638 0.000000 0.830436 0.000000 -0.557114 1.000000 1.000000 1.000000
761.876343 0.000000 1438.599731 0.000000 0.536904 0.000000 -0.843643 1.000000 1.000000 1.000000
767.090698 0.000000 1437.604126 0.000000 0.716276 0.000000 -0.697817 1.000000 1.000000 1.000000
675.424988 0.000000 1441.702393 0.000000 0.284058 0.000000 -0.958807 1.000000 1.000000 1.000000
689.946655 0.000000 1450.591919 0.000000 0.212630 0.000000 -0.977133 1.000000 1.000000 1.000000
742.117432 0.000000 1446.617188 0.000000 0.239881 0.000000 -0.970802 1.000000 1.000000 1.000000
750.109619 0.000000 1440.621094 0.000000 0.814121 0.000000 -0.580695 1.000000 1.000000 1.000000
737.899780 0.000000 1456.588013 0.000000 0.546692 0.000000 -0.837334 1.000000 1.000000 1.000000
737.899780 0.000000 1462.584106 0.000000 0.015173 0.000000 -0.999885 1.000000 1.000000 1.000000
742.117432 0.000000 1458.609375 0.000000 0.091452 0.000000 -0.995809 1.000000 1.000000 1.000000
750.109619 0.000000 1452.613281 0.000000 0.044241 0.000000 -0.999021 1.000000 1.000000 1.000000
744.695374 0.000000 1452.456055 0.000000 0.262574 0.000000 -0.964912 1.000000 1.000000 1.000000
745.891968 0.000000 1462.584106 0.000000 0.313199 0.000000 -0.949687 1.000000 1.000000 1.000000
744.695374 0.000000 1458.452148 0.000000 0.633237 0.000000 -0.773958 1.000000 1.000000 1.000000
753.884155 0.000000 1444.595825 0.000000 0.334850 0.000000 -0.942272 1.000000 1.000000 1.000000
752.687561 0.000000 1440.463867 0.000000 0.175010 0.000000 -0.984567 1.000000 1.000000 1.000000
759.098511 0.000000 1443.600220 0.000000 0.675209 0.000000 -0.737626 1.000000 1.000000 1.000000
753.884155 0.000000 1450.591919 0.000000 0.288899 0.000000 -0.957360 1.000000 1.000000 1.000000
752.687561 0.000000 1446.459961 0.000000 0.382363 0.000000 -0.924012 1.000000 1.000000 1.000000
761.876343 0.000000 1444.595825 0.000000 0.424149 0.000000 -0.905592 1.000000 1.000000 1.000000
760.679749 0.000000 1440.463867 0.000000 0.766092 0.000000 -0.642731 1.000000 1.000000 1.000000
761.876343 0.000000 1450.591919 0.000000 0.599224 0.000000 -0.800581 1.000000 1.000000 1.000000
760.679749 0.000000 1446.459961 0.000000 0.479807 0.000000 -0.877374 1.000000 1.000000 1.000000
763.339050 0.000000 1447.698486 0.000000 0.764641 0.000000 -0.644456 1.000000 1.000000 1.000000
753.884155 0.000000 1456.588013 0.000000 0.379211 0.000000 -0.925310 1.000000 1.000000 1.000000
758.101807 0.000000 1452.613281 0.000000 0.421707 0.000000 -0.906732 1.000000 1.000000 1.000000
758.101807 0.000000 1458.609375 0.000000 0.185217 0.000000 -0.982698 1.000000 1.000000 1.000000
752.687561 0.000000 1458.452148 0.000000 0.235068 0.000000 -0.971979 1.000000 1.000000 1.000000
737.899780 0.000000 1468.580200 0.000000 0.833656 0.000000 -0.552283 1.000000 1.000000 1.000000
745.891968 0.000000 1468.580200 0.000000 0.726805 0.000000 -0.686844 1.000000 1.000000 1.000000
750.109619 0.000000 1470.601562 0.000000 0.502947 0.000000 -0.864317 1.000000 1.000000 1.000000
744.695374 0.000000 1470.444336 0.000000 0.164847 0.000000 -0.986319 1.000000 1.000000 1.000000
825.813843 0.000000 1342.662231 0.000000 0.374083 0.000000 -0.927395 1.000000 1.000000 1.000000
799.059448 0.000000 1365.651001 0.000000 0.122623 0.000000 -0.992453 1.000000 1.000000 1.000000
793.845093 0.000000 1372.642700 0.000000 0.457147 0.000000 -0.889391 1.000000 1.000000 1.000000
798.062744 0.000000 1374.664062 0.000000 0.789564 0.000000 -0.613668 1.000000 1.000000 1.000000
790.070557 0.000000 1380.660156 0.000000 0.675013 0.000000 -0.737806 1.000000 1.000000 1.000000
809.829468 0.000000 1354.654419 0.000000 0.347039 0.000000 -0.937851 1.000000 1.000000 1.000000
800.640686 0.000000 1362.514648 0.000000 0.649148 0.000000 -0.760662 1.000000 1.000000 1.000000
817.821655 0.000000 1348.658325 0.000000 0.024671 0.000000 -0.999696 1.000000 1.000000 1.000000
824.617249 0.000000 1350.522461 0.000000 0.682613 0.000000 -0.730780 1.000000 1.000000 1.000000
822.039307 0.000000 1362.671875 0.000000 0.170351 0.000000 -0.985383 1.000000 1.000000 1.000000
825.813843 0.000000 1360.650513 0.000000 0.634924 0.000000 -0.772575 1.000000 1.000000 1.000000
801.837280 0.000000 1372.642700 0.000000 0.756369 0.000000 -0.654145 1.000000 1.000000 1.000000
800.640686 0.000000 1368.510742 0.000000 0.213665 0.000000 -0.976907 1.000000 1.000000 1.000000
809.829468 0.000000 1372.642700 0.000000 0.026435 0.000000 -0.999651 1.000000 1.000000 1.000000
814.047119 0.000000 1368.667969 0.000000 0.686502 0.000000 -0.727128 1.000000 1.000000 1.000000
809.829468 0.000000 1378.638794 0.000000 0.827066 0.000000 -0.562104 1.000000 1.000000 1.000000
814.047119 0.000000 1374.664062 0.000000 0.392003 0.000000 -0.919964 1.000000 1.000000 1.000000
801.837280 0.000000 1384.634888 0.000000 0.220927 0.000000 -0.975290 1.000000 1.000000 1.000000
816.625061 0.000000 1368.510742 0.000000 0.421460 0.000000 -0.906847 1.000000 1.000000 1.000000
825.813843 0.000000 1372.642700 0.000000 0.318074 0.000000 -0.948066 1.000000 1.000000 1.000000
777.860718 0.000000 1426.607544 0.000000 0.400548 0.000000 -0.916276 1.000000 1.000000 1.000000
775.082886 0.000000 1437.604126 0.000000 0.300214 0.000000 -0.953872 1.000000 1.000000 1.000000
782.078369 0.000000 1428.628906 0.000000 0.602637 0.000000 -0.798015 1.000000 1.000000 1.000000
776.664124 0.000000 1428.471680 0.000000 0.535142 0.000000 -0.844762 1.000000 1.000000 1.000000
776.664124 0.000000 1434.467773 0.000000 0.035472 0.000000 -0.999371 1.000000 1.000000 1.000000
779.323425 0.000000 1435.706299 0.000000 0.313886 0.000000 -0.949461 1.000000 1.000000 1.000000
785.852905 0.000000 1420.611450 0.000000 0.683828 0.000000 -0.729643 1.000000 1.000000 1.000000
785.852905 0.000000 1426.607544 0.000000 0.206965 0.000000 -0.978348 1.000000 1.000000 1.000000
793.845093 0.000000 1426.607544 0.000000 0.602351 0.000000 -0.798232 1.000000 1.000000 1.000000
787.315613 0.000000 1435.706299 0.000000 0.391074 0.000000 -0.920359 1.000000 1.000000 1.000000
793.845093 0.000000 1432.603638 0.000000 0.846598 0.000000 -0.532233 1.000000 1.000000 1.000000
798.062744 0.000000 1428.628906 0.000000 0.330259 0.000000 -0.943890 1.000000 1.000000 1.000000
792.648499 0.000000 1428.471680 0.000000 0.830055 0.000000 -0.557681 1.000000 1.000000 1.000000
798.062744 0.000000 1434.625000 0.000000 0.166583 0.000000 -0.986027 1.000000 1.000000 1.000000
792.648499 0.000000 1434.467773 0.000000 0.373842 0.000000 -0.927492 1.000000 1.000000 1.000000
801.837280 0.000000 1438.599731 0.000000 0.553571 0.000000 -0.832802 1.000000 1.000000 1.000000
806.054932 0.000000 1434.625000 0.000000 0.114455 0.000000 -0.993428 1.000000 1.000000 1.000000
814.047119 0.000000 1428.628906 0.000000 0.391420 0.000000 -0.920212 1.000000 1.000000 1.000000
817.821655 0.000000 1426.607544 0.000000 0.480099 0.000000 -0.877214 1.000000 1.000000 1.000000
822.039307 0.000000 1434.625000 0.000000 0.758959 0.000000 -0.651138 1.000000 1.000000 1.000000
816.625061 0.000000 1434.467773 0.000000 0.307813 0.000000 -0.951447 1.000000 1.000000 1.000000
825.813843 0.000000 1432.603638 0.000000 0.428384 0.000000 -0.903597 1.000000 1.000000 1.000000
833.806030 0.000000 1348.658325 0.000000 0.819502 0.000000 -0.573077 1.000000 1.000000 1.000000
833.806030 0.000000 1366.646606 0.000000 0.766065 0.000000 -0.642763 1.000000 1.000000 1.000000
833.806030 0.000000 1438.599731 0.000000 0.294417 0.000000 -0.955677 1.000000 1.000000 1.000000
841.798218 0.000000 1432.603638 0.000000 0.257410 0.000000 -0.966302 1.000000 1.000000 1.000000
769.868530 0.000000 1444.595825 0.000000 0.405385 0.000000 -0.914146 1.000000 1.000000 1.000000
774.086182 0.000000 1440.621094 0.000000 0.093302 0.000000 -0.995638 1.000000 1.000000 1.000000
774.086182 0.000000 1446.617188 0.000000 0.159982 0.000000 -0.987120 1.000000 1.000000 1.000000
783.075073 0.000000 1443.600220 0.000000 0.735956 0.000000 -0.677030 1.000000 1.000000 1.000000
775.359619 0.000000 1443.264771 0.000000 0.300114 0.000000 -0.953903 1.000000 1.000000 1.000000
777.860718 0.000000 1450.591919 0.000000 0.021008 0.000000 -0.999779 1.000000 1.000000 1.000000
783.075073 0.000000 1449.596313 0.000000 0.677614 0.000000 -0.735418 1.000000 1.000000 1.000000
777.860718 0.000000 1456.588013 0.000000 0.656672 0.000000 -0.754176 1.000000 1.000000 1.000000
782.078369 0.000000 1452.613281 0.000000 0.316283 0.000000 -0.948665 1.000000 1.000000 1.000000
783.075073 0.000000 1455.592407 0.000000 0.017825 0.000000 -0.999841 1.000000 1.000000 1.000000
779.323425 0.000000 1453.694580 0.000000 0.316075 0.000000 -0.948734 1.000000 1.000000 1.000000
782.078369 0.000000 1458.609375 0.000000 0.435533 0.000000 -0.900173 1.000000 1.000000 1.000000
784.656311 0.000000 1440.463867 0.000000 0.815689 0.000000 -0.578491 1.000000 1.000000 1.000000
783.351807 0.000000 1443.264771 0.000000 0.690525 0.000000 -0.723308 1.000000 1.000000 1.000000
784.656311 0.000000 1446.459961 0.000000 0.669542 0.000000 -0.742774 1.000000 1.000000 1.000000
791.067261 0.000000 1449.596313 0.000000 0.125024 0.000000 -0.992154 1.000000 1.000000 1.000000
787.315613 0.000000 1447.698486 0.000000 0.397714 0.000000 -0.917509 1.000000 1.000000 1.000000
793.845093 0.000000 1444.595825 0.000000 0.806353 0.000000 -0.591435 1.000000 1.000000 1.000000
792.648499 0.000000 1440.463867 0.000000 0.330614 0.000000 -0.943766 1.000000 1.000000 1.000000
790.070557 0.000000 1452.613281 0.000000 0.744056 0.000000 -0.668117 1.000000 1.000000 1.000000
790.070557 0.000000 1458.609375 0.000000 0.730126 0.000000 -0.683313 1.000000 1.000000 1.000000
792.648499 0.000000 1452.456055 0.000000 0.535511 0.000000 -0.844528 1.000000 1.000000 1.000000
769.868530 0.000000 1468.580200 0.000000 0.267106 0.000000 -0.963667 1.000000 1.000000 1.000000
790.070557 0.000000 1470.601562 0.000000 0.366590 0.000000 -0.930383 1.000000 1.000000 1.000000
793.845093 0.000000 1474.576294 0.000000 0.160097 0.000000 -0.987101 1.000000 1.000000 1.000000
806.054932 0.000000 1440.621094 0.000000 0.860542 0.000000 -0.509379 1.000000 1.000000 1.000000
806.054932 0.000000 1446.617188 0.000000 0.685534 0.000000 -0.728041 1.000000 1.000000 1.000000
800.640686 0.000000 1446.459961 0.000000 0.787994 0.000000 -0.615683 1.000000 1.000000 1.000000
809.829468 0.000000 1444.595825 0.000000 0.285448 0.000000 -0.958394 1.000000 1.000000 1.000000
814.047119 0.000000 1440.621094 0.000000 0.401286 0.000000 -0.915953 1.000000 1.000000 1.000000
809.829468 0.000000 1450.591919 0.000000 0.670508 0.000000 -0.741902 1.000000 1.000000 1.000000
814.047119 0.000000 1446.617188 0.000000 0.842428 0.000000 -0.538809 1.000000 1.000000 1.000000
801.837280 0.000000 1462.584106 0.000000 0.046507 0.000000 -0.998918 1.000000 1.000000 1.000000
824.617249 0.000000 1440.463867 0.000000 0.401247 0.000000 -0.915970 1.000000 1.000000 1.000000
831.028198 0.000000 1443.600220 0.000000 0.459249 0.000000 -0.888307 1.000000 1.000000 1.000000
838.023682 0.000000 1446.617188 0.000000 0.057961 0.000000 -0.998319 1.000000 1.000000 1.000000
840.601624 0.000000 1446.459961 0.000000 0.585555 0.000000 -0.810632 1.000000 1.000000 1.000000
833.806030 0.000000 1456.588013 0.000000 0.805726 0.000000 -0.592288 1.000000 1.000000 1.000000
849.790405 0.000000 1444.595825 0.000000 0.793550 0.000000 -0.608505 1.000000 1.000000 1.000000
849.790405 0.000000 1450.591919 0.000000 0.589236 0.000000 -0.807961 1.000000 1.000000 1.000000
833.806030 0.000000 1468.580200 0.000000 0.615606 0.000000 -0.788054 1.000000 1.000000 1.000000
846.015869 0.000000 1464.605469 0.000000 0.600088 0.000000 -0.799934 1.000000 1.000000 1.000000
846.015869 0.000000 1470.601562 0.000000 0.273914 0.000000 -0.961754 1.000000 1.000000 1.000000
833.806030 0.000000 1480.572388 0.000000 0.830446 0.000000 -0.557100 1.000000 1.000000 1.000000
841.798218 0.000000 1480.572388 0.000000 0.421489 0.000000 -0.906834 1.000000 1.000000 1.000000
849.790405 0.000000 1468.580200 0.000000 0.761180 0.000000 -0.648540 1.000000 1.000000 1.000000
857.782593 0.000000 1468.580200 0.000000 0.716958 0.000000 -0.697117 1.000000 1.000000 1.000000
857.782593 0.000000 1474.576294 0.000000 0.160020 0.000000 -0.987114 1.000000 1.000000 1.000000
"}
