object={
	name="tree_leaf_high_generator_1_0"
	render_pass=Map
	clamp_to_water_level=no
	generated_content=yes
	layer="tree_high_layer"
	pdxmesh="tree_leaf_01_a_mesh"
	count=906
	transform="538.095093 0.000000 1096.822388 0.000000 0.758640 0.000000 -0.651510 0.815589 0.815589 0.815589
543.309448 0.000000 1101.822876 0.000000 0.791625 0.000000 0.611007 0.743547 0.743547 0.743547
550.304932 0.000000 1098.843750 0.000000 0.928727 0.000000 0.370765 0.778000 0.778000 0.778000
544.890686 0.000000 1098.686523 0.000000 0.100088 0.000000 0.994979 0.700141 0.700141 0.700141
551.301636 0.000000 1101.822876 0.000000 0.838941 0.000000 0.544223 0.752877 0.752877 0.752877
554.079468 0.000000 1096.822388 0.000000 0.215740 0.000000 0.976451 0.767565 0.767565 0.767565
535.317261 0.000000 1107.818970 0.000000 0.818126 0.000000 0.575039 0.749832 0.749832 0.749832
535.317261 0.000000 1113.815063 0.000000 0.991849 0.000000 -0.127420 0.813014 0.813014 0.813014
536.898499 0.000000 1104.682617 0.000000 0.658738 0.000000 -0.752372 0.873141 0.873141 0.873141
539.557800 0.000000 1105.921143 0.000000 0.062446 0.000000 -0.998048 0.953635 0.953635 0.953635
540.769836 0.000000 1108.509399 0.000000 0.236210 0.000000 0.971702 0.595104 0.595104 0.595104
539.557800 0.000000 1111.917236 0.000000 0.946734 0.000000 0.322018 0.752853 0.752853 0.752853
540.769836 0.000000 1114.505493 0.000000 0.703352 0.000000 0.710842 0.661030 0.661030 0.661030
539.557800 0.000000 1117.913330 0.000000 0.831920 0.000000 0.554896 0.714236 0.714236 0.714236
536.898499 0.000000 1122.670898 0.000000 0.725809 0.000000 -0.687896 0.862118 0.862118 0.862118
543.309448 0.000000 1125.807251 0.000000 0.840920 0.000000 -0.541159 0.858245 0.858245 0.858245
542.312744 0.000000 1128.824219 0.000000 0.996342 0.000000 0.085461 0.795386 0.795386 0.795386
547.549988 0.000000 1105.921143 0.000000 0.065399 0.000000 -0.997859 1.010458 1.010458 1.010458
543.586182 0.000000 1107.483521 0.000000 0.764811 0.000000 0.644255 0.696536 0.696536 0.696536
548.762024 0.000000 1108.509399 0.000000 0.979617 0.000000 -0.200872 0.836758 0.836758 0.836758
548.762024 0.000000 1114.505493 0.000000 0.902081 0.000000 -0.431567 0.890014 0.890014 0.890014
547.942444 0.000000 1109.300293 0.000000 0.177993 0.000000 -0.984032 1.058527 1.058527 1.058527
545.597717 0.000000 1112.639526 0.000000 0.889720 0.000000 -0.456507 0.898469 0.898469 0.898469
549.362549 0.000000 1112.661133 0.000000 0.148267 0.000000 -0.988947 1.095364 1.095364 1.095364
555.542175 0.000000 1105.921143 0.000000 0.985657 0.000000 -0.168758 0.817272 0.817272 0.817272
551.578369 0.000000 1107.483521 0.000000 0.977458 0.000000 -0.211128 0.832290 0.832290 0.832290
559.293823 0.000000 1113.815063 0.000000 0.730189 0.000000 0.683246 0.727889 0.727889 0.727889
555.542175 0.000000 1111.917236 0.000000 0.553478 0.000000 -0.832864 0.935641 0.935641 0.935641
543.586182 0.000000 1119.475708 0.000000 0.995131 0.000000 -0.098566 0.816563 0.816563 0.816563
548.762024 0.000000 1120.501587 0.000000 0.881099 0.000000 0.472932 0.728177 0.728177 0.728177
547.942444 0.000000 1115.296387 0.000000 0.779701 0.000000 0.626152 0.656757 0.656757 0.656757
551.301636 0.000000 1125.807251 0.000000 0.139769 0.000000 -0.990184 0.931431 0.931431 0.931431
547.549988 0.000000 1123.909424 0.000000 0.413442 0.000000 0.910530 0.649126 0.649126 0.649126
555.542175 0.000000 1117.913330 0.000000 0.442082 0.000000 0.896975 0.653303 0.653303 0.653303
551.578369 0.000000 1119.475708 0.000000 0.274479 0.000000 -0.961593 1.001390 1.001390 1.001390
558.297119 0.000000 1122.828125 0.000000 0.724428 0.000000 0.689350 0.758985 0.758985 0.758985
560.875061 0.000000 1110.678711 0.000000 0.242783 0.000000 -0.970081 0.890014 0.890014 0.890014
562.071655 0.000000 1120.806763 0.000000 0.933513 0.000000 -0.358543 0.808056 0.808056 0.808056
560.875061 0.000000 1116.674805 0.000000 0.385621 0.000000 -0.922657 0.875091 0.875091 0.875091
550.304932 0.000000 1128.824219 0.000000 0.531288 0.000000 -0.847191 0.846427 0.846427 0.846427
649.985718 0.000000 1102.818481 0.000000 0.999950 0.000000 -0.010030 0.800240 0.800240 0.800240
665.970093 0.000000 1102.818481 0.000000 0.901407 0.000000 0.432972 0.788374 0.788374 0.788374
641.993530 0.000000 1114.810669 0.000000 0.989672 0.000000 -0.143351 0.803735 0.803735 0.803735
655.200073 0.000000 1113.815063 0.000000 0.993664 0.000000 0.112388 0.790328 0.790328 0.790328
646.211182 0.000000 1116.832031 0.000000 0.576334 0.000000 0.817215 0.748417 0.748417 0.748417
641.993530 0.000000 1126.802856 0.000000 0.552613 0.000000 -0.833438 0.829518 0.829518 0.829518
648.789124 0.000000 1116.674805 0.000000 0.768779 0.000000 -0.639515 0.845732 0.845732 0.845732
655.200073 0.000000 1119.811157 0.000000 0.891930 0.000000 -0.452174 0.850604 0.850604 0.850604
648.789124 0.000000 1122.670898 0.000000 0.467129 0.000000 -0.884189 0.882328 0.882328 0.882328
655.200073 0.000000 1125.807251 0.000000 0.175905 0.000000 0.984407 0.644091 0.644091 0.644091
656.781311 0.000000 1110.678711 0.000000 0.293907 0.000000 -0.955834 0.899117 0.899117 0.899117
663.192261 0.000000 1113.815063 0.000000 0.664416 0.000000 0.747363 0.720766 0.720766 0.720766
670.187744 0.000000 1110.835938 0.000000 0.117933 0.000000 -0.993022 0.875430 0.875430 0.875430
664.773499 0.000000 1110.678711 0.000000 0.401866 0.000000 -0.915699 0.887829 0.887829 0.887829
659.440613 0.000000 1117.913330 0.000000 0.062682 0.000000 -0.998034 0.971683 0.971683 0.971683
659.440613 0.000000 1123.909424 0.000000 0.449701 0.000000 0.893179 0.661042 0.661042 0.661042
671.184448 0.000000 1119.811157 0.000000 0.999485 0.000000 0.032101 0.796794 0.796794 0.796794
667.432800 0.000000 1117.913330 0.000000 0.777620 0.000000 0.628734 0.729385 0.729385 0.729385
663.468994 0.000000 1119.475708 0.000000 0.664869 0.000000 0.746960 0.697238 0.697238 0.697238
641.993530 0.000000 1132.798950 0.000000 0.310251 0.000000 0.950655 0.772421 0.772421 0.772421
646.211182 0.000000 1128.824219 0.000000 0.394587 0.000000 0.918859 0.734840 0.734840 0.734840
648.789124 0.000000 1128.666992 0.000000 0.938626 0.000000 -0.344936 0.826025 0.826025 0.826025
655.200073 0.000000 1131.803345 0.000000 0.151310 0.000000 -0.988486 0.947362 0.947362 0.947362
663.468994 0.000000 1131.467896 0.000000 0.926721 0.000000 0.375749 0.739991 0.739991 0.739991
663.468994 0.000000 1137.463989 0.000000 0.228923 0.000000 0.973445 0.610007 0.610007 0.610007
668.644836 0.000000 1138.489868 0.000000 0.555638 0.000000 -0.831424 0.962732 0.962732 0.962732
667.825256 0.000000 1133.284668 0.000000 0.441499 0.000000 -0.897262 0.991262 0.991262 0.991262
656.781311 0.000000 1140.659180 0.000000 0.872264 0.000000 -0.489036 0.834699 0.834699 0.834699
663.192261 0.000000 1143.795532 0.000000 0.041285 0.000000 -0.999147 0.958848 0.958848 0.958848
667.432800 0.000000 1141.897705 0.000000 0.999180 0.000000 0.040499 0.794013 0.794013 0.794013
664.773499 0.000000 1146.655273 0.000000 0.151223 0.000000 -0.988500 0.919031 0.919031 0.919031
671.184448 0.000000 1149.791626 0.000000 0.477753 0.000000 0.878494 0.705733 0.705733 0.705733
681.954468 0.000000 1114.810669 0.000000 0.969287 0.000000 0.245931 0.793548 0.793548 0.793548
678.179932 0.000000 1116.832031 0.000000 0.991132 0.000000 0.132884 0.794144 0.794144 0.794144
672.765686 0.000000 1116.674805 0.000000 0.933177 0.000000 -0.359417 0.828637 0.828637 0.828637
679.176636 0.000000 1125.807251 0.000000 0.146163 0.000000 0.989260 0.674852 0.674852 0.674852
689.946655 0.000000 1120.806763 0.000000 0.998602 0.000000 0.052860 0.798627 0.798627 0.798627
697.938843 0.000000 1126.802856 0.000000 0.915587 0.000000 0.402120 0.790082 0.790082 0.790082
675.424988 0.000000 1129.905518 0.000000 0.211381 0.000000 -0.977404 0.992543 0.992543 0.992543
671.461182 0.000000 1131.467896 0.000000 0.912194 0.000000 0.409759 0.729170 0.729170 0.729170
676.637024 0.000000 1132.493774 0.000000 0.860451 0.000000 -0.509534 0.881154 0.881154 0.881154
676.637024 0.000000 1138.489868 0.000000 0.893453 0.000000 0.449157 0.720920 0.720920 0.720920
687.168823 0.000000 1137.799438 0.000000 0.228052 0.000000 0.973649 0.674146 0.674146 0.674146
683.417175 0.000000 1135.901611 0.000000 0.484950 0.000000 -0.874542 0.931815 0.931815 0.931815
679.453369 0.000000 1137.463989 0.000000 0.883695 0.000000 0.468063 0.724118 0.724118 0.724118
671.461182 0.000000 1143.460083 0.000000 0.832416 0.000000 0.554151 0.709674 0.709674 0.709674
675.817444 0.000000 1139.280762 0.000000 0.862705 0.000000 -0.505708 0.893187 0.893187 0.893187
679.176636 0.000000 1149.791626 0.000000 0.909538 0.000000 0.415621 0.761477 0.761477 0.761477
675.424988 0.000000 1147.893799 0.000000 0.914884 0.000000 0.403716 0.752690 0.752690 0.752690
687.168823 0.000000 1143.795532 0.000000 0.877576 0.000000 -0.479438 0.842942 0.842942 0.842942
683.417175 0.000000 1141.897705 0.000000 0.964049 0.000000 0.265726 0.768307 0.768307 0.768307
679.453369 0.000000 1143.460083 0.000000 0.986774 0.000000 0.162103 0.778212 0.778212 0.778212
688.750061 0.000000 1134.663086 0.000000 0.286376 0.000000 -0.958117 0.894615 0.894615 0.894615
697.938843 0.000000 1132.798950 0.000000 0.792219 0.000000 -0.610237 0.818353 0.818353 0.818353
697.938843 0.000000 1138.795044 0.000000 0.989838 0.000000 -0.142198 0.803990 0.803990 0.803990
688.750061 0.000000 1140.659180 0.000000 0.529409 0.000000 -0.848367 0.876874 0.876874 0.876874
634.001343 0.000000 1330.670044 0.000000 0.799247 0.000000 -0.601003 0.816741 0.816741 0.816741
638.218994 0.000000 1332.691406 0.000000 0.816230 0.000000 -0.577727 0.830755 0.830755 0.830755
670.187744 0.000000 1152.808594 0.000000 0.842970 0.000000 0.537961 0.770504 0.770504 0.770504
673.962280 0.000000 1156.783325 0.000000 0.994213 0.000000 -0.107426 0.802795 0.802795 0.802795
678.179932 0.000000 1152.808594 0.000000 0.971165 0.000000 -0.238407 0.814424 0.814424 0.814424
681.954468 0.000000 1156.783325 0.000000 0.951415 0.000000 -0.307912 0.807502 0.807502 0.807502
689.946655 0.000000 1222.740356 0.000000 0.999238 0.000000 0.039036 0.798908 0.798908 0.798908
702.156494 0.000000 1218.765625 0.000000 0.240483 0.000000 0.970653 0.731043 0.731043 0.731043
681.954468 0.000000 1228.736450 0.000000 0.732617 0.000000 0.680641 0.782058 0.782058 0.782058
687.168823 0.000000 1233.736938 0.000000 0.836781 0.000000 0.547538 0.739824 0.739824 0.739824
678.179932 0.000000 1242.750000 0.000000 0.545098 0.000000 -0.838372 0.843688 0.843688 0.843688
680.757874 0.000000 1242.592773 0.000000 0.032843 0.000000 -0.999461 0.907508 0.907508 0.907508
695.161011 0.000000 1227.740845 0.000000 0.768044 0.000000 0.640397 0.716713 0.716713 0.716713
691.409363 0.000000 1231.839111 0.000000 0.992702 0.000000 0.120590 0.783583 0.783583 0.783583
699.401550 0.000000 1225.843018 0.000000 0.976006 0.000000 0.217746 0.774573 0.774573 0.774573
700.613586 0.000000 1228.431274 0.000000 0.456653 0.000000 -0.889645 1.010250 1.010250 1.010250
699.794006 0.000000 1229.222168 0.000000 0.883268 0.000000 0.468868 0.712280 0.712280 0.712280
697.449280 0.000000 1232.561401 0.000000 0.140647 0.000000 0.990060 0.477338 0.477338 0.477338
701.214111 0.000000 1232.583008 0.000000 0.241252 0.000000 -0.970463 1.131327 1.131327 1.131327
687.445557 0.000000 1239.397583 0.000000 0.837324 0.000000 -0.546706 0.892420 0.892420 0.892420
691.801819 0.000000 1235.218262 0.000000 0.339660 0.000000 0.940548 0.565270 0.565270 0.565270
689.457092 0.000000 1238.557495 0.000000 0.949010 0.000000 0.315245 0.736586 0.736586 0.736586
693.221924 0.000000 1238.579102 0.000000 0.097297 0.000000 0.995255 0.414517 0.414517 0.414517
695.289062 0.000000 1235.201904 0.000000 0.447127 0.000000 0.894470 0.539051 0.539051 0.539051
687.445557 0.000000 1245.393677 0.000000 0.774906 0.000000 0.632077 0.678375 0.678375 0.678375
689.457092 0.000000 1244.553589 0.000000 0.953620 0.000000 0.301014 0.733437 0.733437 0.733437
693.221924 0.000000 1244.575195 0.000000 0.251925 0.000000 -0.967747 1.170635 1.170635 1.170635
695.289062 0.000000 1241.197998 0.000000 0.982201 0.000000 0.187832 0.743392 0.743392 0.743392
690.120605 0.000000 1241.484009 0.000000 0.996136 0.000000 -0.087821 0.821778 0.821778 0.821778
700.613586 0.000000 1240.423462 0.000000 0.159133 0.000000 -0.987257 1.245255 1.245255 1.245255
697.449280 0.000000 1238.557495 0.000000 0.846873 0.000000 -0.531795 0.962384 0.962384 0.962384
701.214111 0.000000 1238.579102 0.000000 0.188146 0.000000 -0.982141 1.213885 1.213885 1.213885
703.281250 0.000000 1235.201904 0.000000 0.060377 0.000000 0.998176 0.377677 0.377677 0.377677
698.112793 0.000000 1235.487915 0.000000 0.998704 0.000000 -0.050899 0.813221 0.813221 0.813221
700.613586 0.000000 1246.419556 0.000000 0.698134 0.000000 -0.715967 1.064573 1.064573 1.064573
699.794006 0.000000 1241.214355 0.000000 0.846484 0.000000 0.532414 0.625069 0.625069 0.625069
697.449280 0.000000 1244.553589 0.000000 0.946843 0.000000 0.321696 0.695338 0.695338 0.695338
701.214111 0.000000 1244.575195 0.000000 0.973592 0.000000 0.228293 0.724558 0.724558 0.724558
703.281250 0.000000 1241.197998 0.000000 0.989704 0.000000 0.143130 0.755251 0.755251 0.755251
698.112793 0.000000 1241.484009 0.000000 0.990722 0.000000 0.135903 0.757526 0.757526 0.757526
705.931030 0.000000 1216.744263 0.000000 0.951614 0.000000 0.307295 0.790642 0.790642 0.790642
710.148682 0.000000 1218.765625 0.000000 0.494686 0.000000 0.869072 0.747407 0.747407 0.747407
721.915405 0.000000 1216.744263 0.000000 0.862175 0.000000 0.506610 0.785146 0.785146 0.785146
707.393738 0.000000 1225.843018 0.000000 0.612555 0.000000 -0.790428 0.911050 0.911050 0.911050
703.429932 0.000000 1227.405396 0.000000 0.999936 0.000000 -0.011296 0.801828 0.801828 0.801828
708.605774 0.000000 1228.431274 0.000000 0.409962 0.000000 -0.912103 1.004130 1.004130 1.004130
707.786194 0.000000 1229.222168 0.000000 0.919594 0.000000 -0.392869 0.874994 0.874994 0.874994
705.441467 0.000000 1232.561401 0.000000 0.697069 0.000000 -0.717004 1.004388 1.004388 1.004388
709.206299 0.000000 1232.583008 0.000000 0.588997 0.000000 0.808135 0.589512 0.589512 0.589512
719.137573 0.000000 1227.740845 0.000000 0.968759 0.000000 0.248003 0.778477 0.778477 0.778477
711.422119 0.000000 1227.405396 0.000000 0.561097 0.000000 -0.827750 0.936324 0.936324 0.936324
719.137573 0.000000 1233.736938 0.000000 0.754626 0.000000 -0.656155 0.878620 0.878620 0.878620
715.385925 0.000000 1231.839111 0.000000 0.087304 0.000000 0.996182 0.589651 0.589651 0.589651
716.597961 0.000000 1234.427368 0.000000 0.786104 0.000000 0.618094 0.702852 0.702852 0.702852
705.441467 0.000000 1238.557495 0.000000 0.862941 0.000000 0.505304 0.646589 0.646589 0.646589
709.206299 0.000000 1238.579102 0.000000 0.983713 0.000000 0.179746 0.755602 0.755602 0.755602
706.104980 0.000000 1235.487915 0.000000 0.041723 0.000000 -0.999129 1.190899 1.190899 1.190899
707.786194 0.000000 1241.214355 0.000000 0.428213 0.000000 0.903678 0.493531 0.493531 0.493531
705.441467 0.000000 1244.553589 0.000000 0.302379 0.000000 0.953188 0.418917 0.418917 0.418917
709.206299 0.000000 1244.575195 0.000000 0.817847 0.000000 0.575435 0.644478 0.644478 0.644478
711.273438 0.000000 1241.197998 0.000000 0.390053 0.000000 0.920792 0.535921 0.535921 0.535921
706.104980 0.000000 1241.484009 0.000000 0.999915 0.000000 -0.013044 0.803543 0.803543 0.803543
716.597961 0.000000 1240.423462 0.000000 0.945886 0.000000 0.324500 0.745876 0.745876 0.745876
715.778381 0.000000 1235.218262 0.000000 0.956165 0.000000 -0.292828 0.849264 0.849264 0.849264
713.433655 0.000000 1238.557495 0.000000 0.639383 0.000000 0.768888 0.623070 0.623070 0.623070
716.597961 0.000000 1246.419556 0.000000 0.468960 0.000000 0.883219 0.616198 0.616198 0.616198
715.778381 0.000000 1241.214355 0.000000 0.649623 0.000000 0.760256 0.643022 0.643022 0.643022
713.433655 0.000000 1244.553589 0.000000 0.765544 0.000000 -0.643383 0.946568 0.946568 0.946568
726.133057 0.000000 1230.757812 0.000000 0.903236 0.000000 -0.429145 0.818603 0.818603 0.818603
720.718811 0.000000 1230.600586 0.000000 0.401560 0.000000 -0.915833 0.894790 0.894790 0.894790
729.907593 0.000000 1228.736450 0.000000 0.072472 0.000000 0.997370 0.755114 0.755114 0.755114
726.133057 0.000000 1236.753906 0.000000 0.999918 0.000000 0.012844 0.799230 0.799230 0.799230
719.414307 0.000000 1239.397583 0.000000 0.539237 0.000000 0.842154 0.662016 0.662016 0.662016
719.414307 0.000000 1245.393677 0.000000 0.675143 0.000000 0.737687 0.675726 0.675726 0.675726
728.710999 0.000000 1242.592773 0.000000 0.279960 0.000000 -0.960012 0.879687 0.879687 0.879687
737.899780 0.000000 1246.724731 0.000000 0.232758 0.000000 -0.972535 0.834685 0.834685 0.834685
670.187744 0.000000 1290.718750 0.000000 0.229203 0.000000 0.973379 0.743817 0.743817 0.743817
680.757874 0.000000 1248.588867 0.000000 0.962219 0.000000 0.272276 0.781825 0.781825 0.781825
687.168823 0.000000 1257.721313 0.000000 0.751878 0.000000 -0.659302 0.886267 0.886267 0.886267
678.179932 0.000000 1260.738281 0.000000 0.837708 0.000000 0.546118 0.774615 0.774615 0.774615
673.962280 0.000000 1270.709106 0.000000 0.054161 0.000000 -0.998532 0.845435 0.845435 0.845435
678.179932 0.000000 1266.734375 0.000000 0.985172 0.000000 0.171571 0.791046 0.791046 0.791046
680.757874 0.000000 1266.577148 0.000000 0.999450 0.000000 -0.033176 0.802253 0.802253 0.802253
687.445557 0.000000 1251.389771 0.000000 0.340524 0.000000 -0.940236 0.988131 0.988131 0.988131
691.801819 0.000000 1247.210449 0.000000 0.760986 0.000000 -0.648769 0.970608 0.970608 0.970608
689.457092 0.000000 1250.549683 0.000000 0.482921 0.000000 -0.875664 1.002414 1.002414 1.002414
693.221924 0.000000 1250.571289 0.000000 0.241533 0.000000 -0.970393 1.152455 1.152455 1.152455
695.289062 0.000000 1247.194092 0.000000 0.353671 0.000000 -0.935370 1.162290 1.162290 1.162290
692.621399 0.000000 1258.411743 0.000000 0.884001 0.000000 -0.467485 0.902984 0.902984 0.902984
691.801819 0.000000 1253.206543 0.000000 0.984137 0.000000 0.177410 0.760816 0.760816 0.760816
693.221924 0.000000 1256.567383 0.000000 0.636781 0.000000 0.771045 0.597769 0.597769 0.597769
695.289062 0.000000 1253.190186 0.000000 0.883367 0.000000 0.468683 0.664579 0.664579 0.664579
700.613586 0.000000 1252.415649 0.000000 0.356348 0.000000 -0.934353 1.159023 1.159023 1.159023
699.794006 0.000000 1247.210449 0.000000 0.970314 0.000000 0.241849 0.719990 0.719990 0.719990
697.449280 0.000000 1250.549683 0.000000 0.702434 0.000000 0.711749 0.557987 0.557987 0.557987
701.214111 0.000000 1250.571289 0.000000 0.985623 0.000000 -0.168959 0.852896 0.852896 0.852896
703.281250 0.000000 1247.194092 0.000000 0.996142 0.000000 0.087757 0.771394 0.771394 0.771394
698.112793 0.000000 1247.480103 0.000000 0.027524 0.000000 0.999621 0.294507 0.294507 0.294507
699.794006 0.000000 1253.206543 0.000000 0.670551 0.000000 -0.741864 1.048738 1.048738 1.048738
697.449280 0.000000 1256.545776 0.000000 0.119058 0.000000 0.992887 0.411547 0.411547 0.411547
701.214111 0.000000 1256.567383 0.000000 0.620440 0.000000 0.784254 0.556933 0.556933 0.556933
703.281250 0.000000 1253.190186 0.000000 0.666186 0.000000 -0.745786 1.042079 1.042079 1.042079
698.112793 0.000000 1253.476196 0.000000 0.442708 0.000000 -0.896666 1.130972 1.130972 1.130972
687.445557 0.000000 1263.381958 0.000000 0.988841 0.000000 0.148974 0.781782 0.781782 0.781782
692.621399 0.000000 1264.407837 0.000000 0.498665 0.000000 0.866795 0.594731 0.594731 0.594731
691.801819 0.000000 1259.202637 0.000000 0.093252 0.000000 -0.995642 1.059665 1.059665 1.059665
695.289062 0.000000 1259.186279 0.000000 0.644969 0.000000 -0.764209 1.003255 1.003255 1.003255
687.445557 0.000000 1269.378052 0.000000 0.043307 0.000000 -0.999062 1.010501 1.010501 1.010501
692.621399 0.000000 1270.403931 0.000000 0.743647 0.000000 -0.668572 0.940405 0.940405 0.940405
691.801819 0.000000 1265.198730 0.000000 0.673680 0.000000 0.739023 0.652176 0.652176 0.652176
697.449280 0.000000 1262.541870 0.000000 0.471665 0.000000 0.881778 0.552031 0.552031 0.552031
701.214111 0.000000 1262.563477 0.000000 0.519033 0.000000 -0.854754 1.051821 1.051821 1.051821
703.281250 0.000000 1259.186279 0.000000 0.200451 0.000000 -0.979704 1.149974 1.149974 1.149974
698.112793 0.000000 1259.472290 0.000000 0.818631 0.000000 -0.574320 0.956398 0.956398 0.956398
699.794006 0.000000 1265.198730 0.000000 0.949677 0.000000 -0.313232 0.873176 0.873176 0.873176
697.449280 0.000000 1268.537964 0.000000 0.594539 0.000000 0.804067 0.592915 0.592915 0.592915
701.214111 0.000000 1268.559570 0.000000 0.480223 0.000000 -0.877147 1.043598 1.043598 1.043598
703.281250 0.000000 1265.182373 0.000000 0.694982 0.000000 -0.719027 0.989105 0.989105 0.989105
680.757874 0.000000 1272.573242 0.000000 0.660835 0.000000 -0.750531 0.866120 0.866120 0.866120
680.757874 0.000000 1278.569336 0.000000 0.854367 0.000000 0.519671 0.756343 0.756343 0.756343
687.168823 0.000000 1281.705688 0.000000 0.359625 0.000000 0.933097 0.660653 0.660653 0.660653
678.179932 0.000000 1284.722656 0.000000 0.754359 0.000000 0.656462 0.758522 0.758522 0.758522
680.757874 0.000000 1284.565430 0.000000 0.941749 0.000000 0.336315 0.777393 0.777393 0.777393
687.168823 0.000000 1287.701782 0.000000 0.418500 0.000000 -0.908217 0.925117 0.925117 0.925117
680.757874 0.000000 1290.561523 0.000000 0.123992 0.000000 -0.992283 0.898225 0.898225 0.898225
687.168823 0.000000 1293.697876 0.000000 0.155332 0.000000 0.987862 0.658712 0.658712 0.658712
687.445557 0.000000 1275.374146 0.000000 0.709218 0.000000 -0.704990 0.907823 0.907823 0.907823
692.621399 0.000000 1276.400024 0.000000 0.775283 0.000000 -0.631614 0.924249 0.924249 0.924249
691.801819 0.000000 1271.194824 0.000000 0.950986 0.000000 0.309234 0.745372 0.745372 0.745372
692.621399 0.000000 1282.396118 0.000000 0.169772 0.000000 -0.985483 1.015333 1.015333 1.015333
691.801819 0.000000 1277.190918 0.000000 0.999969 0.000000 -0.007877 0.801322 0.801322 0.801322
700.613586 0.000000 1276.400024 0.000000 0.036295 0.000000 -0.999341 1.100345 1.100345 1.100345
699.794006 0.000000 1271.194824 0.000000 0.101501 0.000000 0.994835 0.480174 0.480174 0.480174
697.449280 0.000000 1274.534058 0.000000 0.994689 0.000000 0.102922 0.779202 0.779202 0.779202
701.214111 0.000000 1274.555664 0.000000 0.368217 0.000000 0.929740 0.554436 0.554436 0.554436
695.437744 0.000000 1281.370239 0.000000 0.017754 0.000000 -0.999842 1.069856 1.069856 1.069856
700.613586 0.000000 1282.396118 0.000000 0.527281 0.000000 -0.849691 0.972380 0.972380 0.972380
699.794006 0.000000 1277.190918 0.000000 0.559252 0.000000 0.828997 0.608711 0.608711 0.608711
691.409363 0.000000 1285.803955 0.000000 0.554600 0.000000 -0.832117 0.935455 0.935455 0.935455
695.161011 0.000000 1293.697876 0.000000 0.941399 0.000000 0.337295 0.760146 0.760146 0.760146
691.409363 0.000000 1291.800049 0.000000 0.040888 0.000000 -0.999164 0.977223 0.977223 0.977223
695.437744 0.000000 1287.366333 0.000000 0.908675 0.000000 0.417504 0.737205 0.737205 0.737205
700.613586 0.000000 1288.392212 0.000000 0.539505 0.000000 0.841982 0.654064 0.654064 0.654064
699.794006 0.000000 1283.187012 0.000000 0.999988 0.000000 -0.004976 0.800845 0.800845 0.800845
699.401550 0.000000 1291.800049 0.000000 0.761621 0.000000 0.648022 0.705662 0.705662 0.705662
662.195557 0.000000 1296.714844 0.000000 0.918864 0.000000 0.394574 0.780558 0.780558 0.780558
663.192261 0.000000 1305.690063 0.000000 0.331861 0.000000 -0.943328 0.915697 0.915697 0.915697
671.184448 0.000000 1299.693970 0.000000 0.874272 0.000000 -0.485436 0.857702 0.857702 0.857702
667.432800 0.000000 1303.792236 0.000000 0.766151 0.000000 -0.642660 0.880852 0.880852 0.880852
668.644836 0.000000 1306.380493 0.000000 0.130103 0.000000 -0.991500 1.030133 1.030133 1.030133
668.644836 0.000000 1312.376587 0.000000 0.383242 0.000000 0.923648 0.590696 0.590696 0.590696
667.825256 0.000000 1313.167480 0.000000 0.567274 0.000000 0.823529 0.643465 0.643465 0.643465
649.985718 0.000000 1324.673950 0.000000 0.192552 0.000000 0.981287 0.764247 0.764247 0.764247
654.203369 0.000000 1326.695312 0.000000 0.584180 0.000000 0.811624 0.760284 0.760284 0.760284
647.207886 0.000000 1335.670532 0.000000 0.182459 0.000000 -0.983214 0.927456 0.927456 0.927456
640.796936 0.000000 1338.530273 0.000000 0.931689 0.000000 -0.363257 0.830442 0.830442 0.830442
651.448425 0.000000 1339.768799 0.000000 0.738169 0.000000 -0.674616 0.910913 0.910913 0.910913
647.484619 0.000000 1341.331177 0.000000 0.200847 0.000000 -0.979623 0.972202 0.972202 0.972202
652.660461 0.000000 1342.357056 0.000000 0.009764 0.000000 -0.999952 1.093069 1.093069 1.093069
663.192261 0.000000 1329.674438 0.000000 0.897471 0.000000 0.441073 0.759858 0.759858 0.759858
667.432800 0.000000 1321.780518 0.000000 0.990675 0.000000 0.136249 0.783895 0.783895 0.783895
659.440613 0.000000 1333.772705 0.000000 0.888047 0.000000 -0.459753 0.858201 0.858201 0.858201
655.476807 0.000000 1335.335083 0.000000 0.929824 0.000000 0.368005 0.750323 0.750323 0.750323
660.652649 0.000000 1336.360962 0.000000 0.913952 0.000000 0.405822 0.720713 0.720713 0.720713
659.833069 0.000000 1337.151855 0.000000 0.944031 0.000000 -0.329857 0.860424 0.860424 0.860424
657.488342 0.000000 1340.491089 0.000000 0.997220 0.000000 -0.074513 0.816088 0.816088 0.816088
661.253174 0.000000 1340.512695 0.000000 0.211062 0.000000 0.977473 0.482635 0.482635 0.482635
663.468994 0.000000 1335.335083 0.000000 0.889048 0.000000 0.457814 0.720221 0.720221 0.720221
668.644836 0.000000 1336.360962 0.000000 0.101735 0.000000 0.994812 0.491960 0.491960 0.491960
667.825256 0.000000 1337.151855 0.000000 0.955384 0.000000 0.295366 0.737121 0.737121 0.737121
665.480530 0.000000 1340.491089 0.000000 0.902641 0.000000 0.430394 0.687144 0.687144 0.687144
669.245361 0.000000 1340.512695 0.000000 0.412366 0.000000 0.911018 0.513959 0.513959 0.513959
675.424988 0.000000 1297.796143 0.000000 0.990868 0.000000 -0.134838 0.814587 0.814587 0.814587
676.637024 0.000000 1300.384399 0.000000 0.999263 0.000000 0.038381 0.794249 0.794249 0.794249
671.461182 0.000000 1305.354614 0.000000 0.153602 0.000000 -0.988133 1.023511 1.023511 1.023511
676.637024 0.000000 1306.380493 0.000000 0.631063 0.000000 0.775731 0.629764 0.629764 0.629764
687.168823 0.000000 1299.693970 0.000000 0.554565 0.000000 -0.832141 0.917792 0.917792 0.917792
683.417175 0.000000 1297.796143 0.000000 0.522466 0.000000 0.852660 0.689878 0.689878 0.689878
679.453369 0.000000 1299.358521 0.000000 0.947932 0.000000 -0.318474 0.841430 0.841430 0.841430
679.453369 0.000000 1305.354614 0.000000 0.212737 0.000000 -0.977109 1.041110 1.041110 1.041110
684.629211 0.000000 1306.380493 0.000000 0.465674 0.000000 0.884956 0.622076 0.622076 0.622076
676.637024 0.000000 1312.376587 0.000000 0.627628 0.000000 -0.778513 0.979994 0.979994 0.979994
675.817444 0.000000 1307.171387 0.000000 0.993014 0.000000 -0.117999 0.822205 0.822205 0.822205
673.472717 0.000000 1310.510620 0.000000 0.183432 0.000000 0.983032 0.528656 0.528656 0.528656
677.237549 0.000000 1310.532227 0.000000 0.878644 0.000000 0.477477 0.698593 0.698593 0.698593
671.461182 0.000000 1317.346802 0.000000 0.799017 0.000000 -0.601308 0.904368 0.904368 0.904368
676.637024 0.000000 1318.372681 0.000000 0.997879 0.000000 -0.065099 0.810929 0.810929 0.810929
675.817444 0.000000 1313.167480 0.000000 0.420063 0.000000 0.907495 0.575129 0.575129 0.575129
684.629211 0.000000 1312.376587 0.000000 0.309204 0.000000 0.950996 0.594228 0.594228 0.594228
683.809631 0.000000 1307.171387 0.000000 0.136822 0.000000 -0.990596 1.046229 1.046229 1.046229
681.464905 0.000000 1310.510620 0.000000 0.051854 0.000000 -0.998655 1.091230 1.091230 1.091230
679.453369 0.000000 1317.346802 0.000000 0.936849 0.000000 -0.349733 0.864936 0.864936 0.864936
684.629211 0.000000 1318.372681 0.000000 0.140713 0.000000 0.990050 0.582999 0.582999 0.582999
683.809631 0.000000 1313.167480 0.000000 0.809252 0.000000 0.587461 0.688385 0.688385 0.688385
695.161011 0.000000 1299.693970 0.000000 0.781121 0.000000 0.624380 0.721885 0.721885 0.721885
691.409363 0.000000 1297.796143 0.000000 0.895529 0.000000 0.445002 0.750262 0.750262 0.750262
691.409363 0.000000 1303.792236 0.000000 0.320231 0.000000 0.947339 0.633424 0.633424 0.633424
687.445557 0.000000 1305.354614 0.000000 0.778568 0.000000 0.627560 0.702443 0.702443 0.702443
699.401550 0.000000 1297.796143 0.000000 0.948082 0.000000 0.318026 0.761216 0.761216 0.761216
699.401550 0.000000 1303.792236 0.000000 0.944702 0.000000 0.327930 0.755958 0.755958 0.755958
695.437744 0.000000 1305.354614 0.000000 0.297453 0.000000 -0.954736 0.969781 0.969781 0.969781
691.409363 0.000000 1309.788330 0.000000 0.141177 0.000000 0.989984 0.591633 0.591633 0.591633
687.445557 0.000000 1311.350708 0.000000 0.933215 0.000000 0.359317 0.744212 0.744212 0.744212
692.621399 0.000000 1312.376587 0.000000 0.234752 0.000000 0.972055 0.610857 0.610857 0.610857
691.409363 0.000000 1315.784424 0.000000 0.059166 0.000000 0.998248 0.588669 0.588669 0.588669
687.445557 0.000000 1317.346802 0.000000 0.426395 0.000000 0.904537 0.639720 0.639720 0.639720
699.401550 0.000000 1309.788330 0.000000 0.659077 0.000000 0.752075 0.684396 0.684396 0.684396
695.437744 0.000000 1311.350708 0.000000 0.405343 0.000000 0.914165 0.636437 0.636437 0.636437
700.613586 0.000000 1312.376587 0.000000 1.000000 0.000000 -0.000703 0.800104 0.800104 0.800104
699.401550 0.000000 1315.784424 0.000000 0.342924 0.000000 -0.939363 0.973110 0.973110 0.973110
695.437744 0.000000 1317.346802 0.000000 0.838149 0.000000 -0.545441 0.877200 0.877200 0.877200
700.613586 0.000000 1318.372681 0.000000 0.285029 0.000000 -0.958519 0.999678 0.999678 0.999678
671.461182 0.000000 1323.342896 0.000000 0.959507 0.000000 -0.281686 0.838211 0.838211 0.838211
676.637024 0.000000 1324.368774 0.000000 0.465010 0.000000 0.885305 0.613268 0.613268 0.613268
675.817444 0.000000 1319.163574 0.000000 0.999321 0.000000 -0.036848 0.806036 0.806036 0.806036
671.461182 0.000000 1329.338989 0.000000 0.967279 0.000000 0.253716 0.767211 0.767211 0.767211
676.637024 0.000000 1330.364868 0.000000 0.272069 0.000000 -0.962278 1.014715 1.014715 1.014715
679.453369 0.000000 1323.342896 0.000000 0.540762 0.000000 -0.841175 0.979653 0.979653 0.979653
684.629211 0.000000 1324.368774 0.000000 0.531731 0.000000 0.846913 0.638599 0.638599 0.638599
683.809631 0.000000 1319.163574 0.000000 0.909089 0.000000 -0.416602 0.869516 0.869516 0.869516
679.453369 0.000000 1329.338989 0.000000 0.999262 0.000000 -0.038412 0.806676 0.806676 0.806676
684.629211 0.000000 1330.364868 0.000000 0.712881 0.000000 0.701285 0.649432 0.649432 0.649432
683.809631 0.000000 1325.159668 0.000000 0.382953 0.000000 -0.923768 0.992893 0.992893 0.992893
673.472717 0.000000 1334.494995 0.000000 0.980448 0.000000 0.196777 0.763210 0.763210 0.763210
675.817444 0.000000 1337.151855 0.000000 0.475165 0.000000 0.879897 0.572278 0.572278 0.572278
673.472717 0.000000 1340.491089 0.000000 0.890620 0.000000 0.454748 0.689684 0.689684 0.689684
677.237549 0.000000 1340.512695 0.000000 0.833374 0.000000 -0.552709 0.936844 0.936844 0.936844
683.809631 0.000000 1331.155762 0.000000 0.805050 0.000000 0.593207 0.676973 0.676973 0.676973
681.464905 0.000000 1334.494995 0.000000 0.691150 0.000000 0.722711 0.632227 0.632227 0.632227
685.229736 0.000000 1334.516602 0.000000 0.736514 0.000000 -0.676422 0.960244 0.960244 0.960244
684.629211 0.000000 1342.357056 0.000000 0.826234 0.000000 0.563326 0.674508 0.674508 0.674508
683.809631 0.000000 1337.151855 0.000000 0.472215 0.000000 -0.881483 1.041361 1.041361 1.041361
681.464905 0.000000 1340.491089 0.000000 0.602632 0.000000 -0.798020 1.008536 1.008536 1.008536
685.229736 0.000000 1340.512695 0.000000 0.823826 0.000000 -0.566842 0.931200 0.931200 0.931200
691.409363 0.000000 1321.780518 0.000000 0.807526 0.000000 -0.589831 0.883157 0.883157 0.883157
687.445557 0.000000 1323.342896 0.000000 0.806208 0.000000 -0.591632 0.893567 0.893567 0.893567
692.621399 0.000000 1324.368774 0.000000 0.082137 0.000000 -0.996621 1.058653 1.058653 1.058653
689.457092 0.000000 1328.498901 0.000000 0.749461 0.000000 0.662049 0.665606 0.665606 0.665606
693.221924 0.000000 1328.520508 0.000000 0.429955 0.000000 0.902850 0.566042 0.566042 0.566042
699.401550 0.000000 1321.780518 0.000000 0.709563 0.000000 0.704642 0.684436 0.684436 0.684436
695.437744 0.000000 1323.342896 0.000000 0.933940 0.000000 -0.357431 0.858402 0.858402 0.858402
700.613586 0.000000 1324.368774 0.000000 0.961687 0.000000 -0.274148 0.855464 0.855464 0.855464
699.794006 0.000000 1325.159668 0.000000 0.739534 0.000000 0.673119 0.655470 0.655470 0.655470
697.449280 0.000000 1328.498901 0.000000 0.025694 0.000000 0.999670 0.448204 0.448204 0.448204
701.214111 0.000000 1328.520508 0.000000 0.766722 0.000000 0.641980 0.639894 0.639894 0.639894
691.801819 0.000000 1331.155762 0.000000 0.963944 0.000000 0.266105 0.744590 0.744590 0.744590
689.457092 0.000000 1334.494995 0.000000 0.998432 0.000000 0.055981 0.787807 0.787807 0.787807
693.221924 0.000000 1334.516602 0.000000 0.968865 0.000000 -0.247588 0.859463 0.859463 0.859463
695.289062 0.000000 1331.139404 0.000000 0.654648 0.000000 -0.755934 0.998568 0.998568 0.998568
691.801819 0.000000 1337.151855 0.000000 0.604389 0.000000 0.796689 0.582756 0.582756 0.582756
689.457092 0.000000 1340.491089 0.000000 0.439112 0.000000 -0.898432 1.051910 1.051910 1.051910
693.221924 0.000000 1340.512695 0.000000 0.621618 0.000000 -0.783321 1.012104 1.012104 1.012104
695.289062 0.000000 1337.135498 0.000000 0.799711 0.000000 -0.600385 0.959487 0.959487 0.959487
699.794006 0.000000 1331.155762 0.000000 0.955720 0.000000 0.294278 0.729604 0.729604 0.729604
697.449280 0.000000 1334.494995 0.000000 0.013490 0.000000 -0.999909 1.179458 1.179458 1.179458
701.214111 0.000000 1334.516602 0.000000 0.088828 0.000000 -0.996047 1.158113 1.158113 1.158113
703.281250 0.000000 1331.139404 0.000000 0.197531 0.000000 -0.980297 1.128815 1.128815 1.128815
697.449280 0.000000 1340.491089 0.000000 0.999931 0.000000 0.011770 0.797108 0.797108 0.797108
701.214111 0.000000 1340.512695 0.000000 0.821759 0.000000 -0.569836 0.941680 0.941680 0.941680
703.281250 0.000000 1337.135498 0.000000 0.992906 0.000000 -0.118902 0.828088 0.828088 0.828088
698.112793 0.000000 1337.421509 0.000000 0.994363 0.000000 -0.106034 0.825885 0.825885 0.825885
707.786194 0.000000 1247.210449 0.000000 0.860857 0.000000 -0.508847 0.950336 0.950336 0.950336
705.441467 0.000000 1250.549683 0.000000 0.801161 0.000000 -0.598449 0.985797 0.985797 0.985797
709.206299 0.000000 1250.571289 0.000000 0.186917 0.000000 -0.982376 1.153501 1.153501 1.153501
711.273438 0.000000 1247.194092 0.000000 0.693146 0.000000 -0.720797 0.980060 0.980060 0.980060
706.104980 0.000000 1247.480103 0.000000 0.928931 0.000000 -0.370253 0.906810 0.906810 0.906810
705.441467 0.000000 1256.545776 0.000000 0.977998 0.000000 0.208615 0.746274 0.746274 0.746274
709.206299 0.000000 1256.567383 0.000000 0.052488 0.000000 -0.998622 1.163885 1.163885 1.163885
711.273438 0.000000 1253.190186 0.000000 0.941570 0.000000 0.336819 0.720410 0.720410 0.720410
706.104980 0.000000 1253.476196 0.000000 0.809783 0.000000 -0.586729 0.965303 0.965303 0.965303
716.597961 0.000000 1252.415649 0.000000 0.194837 0.000000 0.980836 0.566623 0.566623 0.566623
715.778381 0.000000 1247.210449 0.000000 0.802191 0.000000 -0.597068 0.920124 0.920124 0.920124
713.433655 0.000000 1250.549683 0.000000 0.861706 0.000000 -0.507407 0.911602 0.911602 0.911602
716.597961 0.000000 1258.411743 0.000000 0.003453 0.000000 0.999994 0.518268 0.518268 0.518268
715.778381 0.000000 1253.206543 0.000000 0.092277 0.000000 -0.995733 1.077553 1.077553 1.077553
713.433655 0.000000 1256.545776 0.000000 0.390630 0.000000 -0.920548 1.040580 1.040580 1.040580
708.605774 0.000000 1264.407837 0.000000 0.932901 0.000000 0.360134 0.722740 0.722740 0.722740
707.786194 0.000000 1259.202637 0.000000 0.665243 0.000000 0.746627 0.599648 0.599648 0.599648
705.441467 0.000000 1262.541870 0.000000 0.109571 0.000000 -0.993979 1.147239 1.147239 1.147239
709.206299 0.000000 1262.563477 0.000000 0.986091 0.000000 0.166208 0.764982 0.764982 0.764982
708.605774 0.000000 1270.403931 0.000000 0.022443 0.000000 -0.999748 1.127797 1.127797 1.127797
707.786194 0.000000 1265.198730 0.000000 0.942890 0.000000 0.333104 0.726071 0.726071 0.726071
705.441467 0.000000 1268.537964 0.000000 0.465191 0.000000 -0.885211 1.034456 1.034456 1.034456
709.206299 0.000000 1268.559570 0.000000 0.373856 0.000000 -0.927487 1.049059 1.049059 1.049059
715.778381 0.000000 1259.202637 0.000000 0.522001 0.000000 0.852945 0.604124 0.604124 0.604124
713.433655 0.000000 1262.541870 0.000000 0.992070 0.000000 -0.125687 0.825924 0.825924 0.825924
716.597961 0.000000 1270.403931 0.000000 0.790636 0.000000 -0.612287 0.934240 0.934240 0.934240
715.778381 0.000000 1265.198730 0.000000 0.823245 0.000000 -0.567687 0.929012 0.929012 0.929012
713.433655 0.000000 1268.537964 0.000000 0.511846 0.000000 -0.859077 1.016728 1.016728 1.016728
717.198486 0.000000 1268.559570 0.000000 0.174938 0.000000 0.984579 0.501892 0.501892 0.501892
727.129761 0.000000 1251.725220 0.000000 0.481201 0.000000 -0.876610 0.900326 0.900326 0.900326
723.378113 0.000000 1249.827393 0.000000 0.332304 0.000000 0.943172 0.652358 0.652358 0.652358
719.414307 0.000000 1251.389771 0.000000 0.011008 0.000000 0.999939 0.557009 0.557009 0.557009
727.129761 0.000000 1257.721313 0.000000 0.201995 0.000000 0.979387 0.636138 0.636138 0.636138
723.378113 0.000000 1255.823486 0.000000 0.360906 0.000000 0.932602 0.636814 0.636814 0.636814
719.414307 0.000000 1257.385864 0.000000 0.913329 0.000000 0.407223 0.730474 0.730474 0.730474
724.590149 0.000000 1258.411743 0.000000 0.416362 0.000000 -0.909199 0.966408 0.966408 0.966408
728.710999 0.000000 1248.588867 0.000000 0.970475 0.000000 0.241203 0.782971 0.782971 0.782971
728.710999 0.000000 1254.584961 0.000000 0.956559 0.000000 0.291539 0.774593 0.774593 0.774593
724.590149 0.000000 1264.407837 0.000000 0.566876 0.000000 -0.823803 0.966281 0.966281 0.966281
721.425842 0.000000 1262.541870 0.000000 0.132604 0.000000 -0.991169 1.072805 1.072805 1.072805
724.590149 0.000000 1270.403931 0.000000 0.069088 0.000000 0.997611 0.545071 0.545071 0.545071
723.770569 0.000000 1265.198730 0.000000 0.753040 0.000000 -0.657974 0.933387 0.933387 0.933387
721.425842 0.000000 1268.537964 0.000000 0.537043 0.000000 0.843555 0.597498 0.597498 0.597498
734.125244 0.000000 1260.738281 0.000000 0.489798 0.000000 0.871836 0.745011 0.745011 0.745011
727.406494 0.000000 1263.381958 0.000000 0.993740 0.000000 0.111721 0.783901 0.783901 0.783901
731.370300 0.000000 1267.815674 0.000000 0.834293 0.000000 -0.551321 0.862979 0.862979 0.862979
727.406494 0.000000 1269.378052 0.000000 0.390149 0.000000 0.920752 0.622405 0.622405 0.622405
708.605774 0.000000 1276.400024 0.000000 0.388725 0.000000 0.921354 0.582393 0.582393 0.582393
707.786194 0.000000 1271.194824 0.000000 0.999662 0.000000 -0.025999 0.805401 0.805401 0.805401
705.441467 0.000000 1274.534058 0.000000 0.783702 0.000000 -0.621136 0.933853 0.933853 0.933853
703.429932 0.000000 1281.370239 0.000000 0.861822 0.000000 0.507210 0.707569 0.707569 0.707569
708.605774 0.000000 1282.396118 0.000000 0.201569 0.000000 -0.979474 1.010356 1.010356 1.010356
707.786194 0.000000 1277.190918 0.000000 0.685759 0.000000 0.727828 0.646963 0.646963 0.646963
716.597961 0.000000 1276.400024 0.000000 0.896219 0.000000 0.443612 0.721972 0.721972 0.721972
715.778381 0.000000 1271.194824 0.000000 0.844241 0.000000 0.535963 0.683637 0.683637 0.683637
713.433655 0.000000 1274.534058 0.000000 0.372057 0.000000 0.928210 0.576669 0.576669 0.576669
711.422119 0.000000 1281.370239 0.000000 0.098023 0.000000 -0.995184 1.041175 1.041175 1.041175
716.597961 0.000000 1282.396118 0.000000 0.130631 0.000000 0.991431 0.595832 0.595832 0.595832
715.778381 0.000000 1277.190918 0.000000 0.508360 0.000000 -0.861145 0.980279 0.980279 0.980279
703.429932 0.000000 1287.366333 0.000000 0.455345 0.000000 -0.890315 0.968864 0.968864 0.968864
703.429932 0.000000 1293.362427 0.000000 0.792754 0.000000 0.609541 0.712287 0.712287 0.712287
719.137573 0.000000 1287.701782 0.000000 0.750425 0.000000 0.660955 0.716353 0.716353 0.716353
719.137573 0.000000 1293.697876 0.000000 0.129774 0.000000 -0.991544 0.961131 0.961131 0.961131
715.385925 0.000000 1291.800049 0.000000 0.875537 0.000000 -0.483152 0.859419 0.859419 0.859419
711.422119 0.000000 1293.362427 0.000000 0.224200 0.000000 0.974543 0.633491 0.633491 0.633491
719.414307 0.000000 1275.374146 0.000000 0.972993 0.000000 0.230836 0.759060 0.759060 0.759060
723.770569 0.000000 1271.194824 0.000000 0.998516 0.000000 0.054462 0.789770 0.789770 0.789770
727.129761 0.000000 1281.705688 0.000000 0.574408 0.000000 -0.818569 0.895759 0.895759 0.895759
723.378113 0.000000 1279.807861 0.000000 0.267325 0.000000 -0.963606 0.976580 0.976580 0.976580
719.414307 0.000000 1281.370239 0.000000 0.723997 0.000000 0.689803 0.695097 0.695097 0.695097
731.370300 0.000000 1273.811768 0.000000 0.209540 0.000000 -0.977800 0.941213 0.941213 0.941213
727.406494 0.000000 1275.374146 0.000000 0.789118 0.000000 0.614242 0.711491 0.711491 0.711491
734.125244 0.000000 1278.726562 0.000000 0.280621 0.000000 0.959819 0.730633 0.730633 0.730633
727.129761 0.000000 1287.701782 0.000000 0.642579 0.000000 -0.766220 0.878456 0.878456 0.878456
723.378113 0.000000 1285.803955 0.000000 0.331325 0.000000 -0.943517 0.932990 0.932990 0.932990
727.129761 0.000000 1293.697876 0.000000 0.839557 0.000000 -0.543271 0.853912 0.853912 0.853912
723.378113 0.000000 1291.800049 0.000000 0.167151 0.000000 -0.985931 0.942894 0.942894 0.942894
734.125244 0.000000 1290.718750 0.000000 0.854678 0.000000 -0.519158 0.830526 0.830526 0.830526
728.710999 0.000000 1290.561523 0.000000 0.701266 0.000000 -0.712900 0.869743 0.869743 0.869743
737.899780 0.000000 1252.720825 0.000000 0.117892 0.000000 -0.993026 0.840617 0.840617 0.840617
745.891968 0.000000 1282.701294 0.000000 0.007913 0.000000 -0.999969 0.837457 0.837457 0.837457
743.114136 0.000000 1293.697876 0.000000 0.882448 0.000000 -0.470410 0.842061 0.842061 0.842061
750.109619 0.000000 1284.722656 0.000000 0.208139 0.000000 -0.978099 0.865244 0.865244 0.865244
744.695374 0.000000 1290.561523 0.000000 0.326291 0.000000 0.945270 0.706010 0.706010 0.706010
751.106323 0.000000 1293.697876 0.000000 0.893915 0.000000 0.448236 0.753585 0.753585 0.753585
758.101807 0.000000 1284.722656 0.000000 0.519828 0.000000 0.854271 0.744772 0.744772 0.744772
759.098511 0.000000 1293.697876 0.000000 0.949702 0.000000 0.313156 0.772646 0.772646 0.772646
766.093994 0.000000 1290.718750 0.000000 0.889302 0.000000 0.457321 0.780078 0.780078 0.780078
760.679749 0.000000 1290.561523 0.000000 0.668410 0.000000 -0.743793 0.861980 0.861980 0.861980
707.393738 0.000000 1297.796143 0.000000 0.984891 0.000000 0.173175 0.778795 0.778795 0.778795
703.429932 0.000000 1299.358521 0.000000 0.299106 0.000000 0.954220 0.643104 0.643104 0.643104
707.393738 0.000000 1303.792236 0.000000 0.864405 0.000000 -0.502796 0.868393 0.868393 0.868393
703.429932 0.000000 1305.354614 0.000000 0.888502 0.000000 0.458873 0.734303 0.734303 0.734303
708.605774 0.000000 1306.380493 0.000000 0.978851 0.000000 0.204575 0.768315 0.768315 0.768315
715.385925 0.000000 1297.796143 0.000000 0.983342 0.000000 -0.181765 0.822633 0.822633 0.822633
711.422119 0.000000 1299.358521 0.000000 0.260812 0.000000 -0.965390 0.961836 0.961836 0.961836
716.597961 0.000000 1300.384399 0.000000 0.028779 0.000000 -0.999586 1.037142 1.037142 1.037142
711.422119 0.000000 1305.354614 0.000000 0.472777 0.000000 0.881182 0.636316 0.636316 0.636316
703.429932 0.000000 1311.350708 0.000000 0.958270 0.000000 -0.285864 0.842847 0.842847 0.842847
703.429932 0.000000 1317.346802 0.000000 0.811837 0.000000 0.583885 0.699132 0.699132 0.699132
707.786194 0.000000 1313.167480 0.000000 0.444712 0.000000 0.895673 0.604920 0.604920 0.604920
711.422119 0.000000 1311.350708 0.000000 0.194392 0.000000 -0.980924 1.049933 1.049933 1.049933
715.778381 0.000000 1307.171387 0.000000 0.892180 0.000000 0.451679 0.718568 0.718568 0.718568
715.778381 0.000000 1313.167480 0.000000 0.304830 0.000000 0.952407 0.553178 0.553178 0.553178
717.198486 0.000000 1316.528320 0.000000 0.965367 0.000000 -0.260895 0.854826 0.854826 0.854826
719.414307 0.000000 1299.358521 0.000000 0.380718 0.000000 0.924691 0.637354 0.637354 0.637354
724.590149 0.000000 1300.384399 0.000000 0.751123 0.000000 -0.660163 0.905126 0.905126 0.905126
724.590149 0.000000 1306.380493 0.000000 0.995046 0.000000 -0.099411 0.816706 0.816706 0.816706
735.121948 0.000000 1299.693970 0.000000 0.750729 0.000000 -0.660610 0.882152 0.882152 0.882152
727.406494 0.000000 1299.358521 0.000000 0.974875 0.000000 0.222755 0.771286 0.771286 0.771286
731.370300 0.000000 1303.792236 0.000000 0.892477 0.000000 -0.451093 0.868232 0.868232 0.868232
727.406494 0.000000 1305.354614 0.000000 0.177171 0.000000 -0.984180 1.022522 1.022522 1.022522
732.582336 0.000000 1306.380493 0.000000 0.868299 0.000000 0.496040 0.723289 0.723289 0.723289
724.590149 0.000000 1312.376587 0.000000 0.931110 0.000000 0.364739 0.730652 0.730652 0.730652
723.770569 0.000000 1307.171387 0.000000 0.597953 0.000000 0.801531 0.638429 0.638429 0.638429
721.425842 0.000000 1310.510620 0.000000 0.017485 0.000000 -0.999847 1.094722 1.094722 1.094722
724.590149 0.000000 1318.372681 0.000000 0.064080 0.000000 0.997945 0.553247 0.553247 0.553247
723.770569 0.000000 1313.167480 0.000000 0.892182 0.000000 0.451676 0.711081 0.711081 0.711081
721.425842 0.000000 1316.506714 0.000000 0.895728 0.000000 0.444602 0.707981 0.707981 0.707981
727.406494 0.000000 1311.350708 0.000000 0.055996 0.000000 0.998431 0.527718 0.527718 0.527718
732.582336 0.000000 1312.376587 0.000000 0.989949 0.000000 0.141428 0.778744 0.778744 0.778744
727.406494 0.000000 1317.346802 0.000000 0.995787 0.000000 -0.091695 0.814488 0.814488 0.814488
708.605774 0.000000 1324.368774 0.000000 0.284062 0.000000 -0.958806 1.069009 1.069009 1.069009
707.786194 0.000000 1319.163574 0.000000 0.417830 0.000000 -0.908525 1.023081 1.023081 1.023081
705.441467 0.000000 1322.502808 0.000000 0.869849 0.000000 -0.493317 0.898916 0.898916 0.898916
709.206299 0.000000 1322.524414 0.000000 0.911966 0.000000 0.410267 0.712190 0.712190 0.712190
708.605774 0.000000 1330.364868 0.000000 0.967872 0.000000 0.251444 0.746190 0.746190 0.746190
707.786194 0.000000 1325.159668 0.000000 0.912789 0.000000 0.408432 0.710927 0.710927 0.710927
705.441467 0.000000 1328.498901 0.000000 0.977421 0.000000 -0.211302 0.848901 0.848901 0.848901
709.206299 0.000000 1328.520508 0.000000 0.887289 0.000000 0.461214 0.697558 0.697558 0.697558
713.433655 0.000000 1322.502808 0.000000 0.187537 0.000000 -0.982258 1.081568 1.081568 1.081568
716.597961 0.000000 1330.364868 0.000000 0.274483 0.000000 0.961592 0.608938 0.608938 0.608938
715.778381 0.000000 1325.159668 0.000000 0.903604 0.000000 -0.428369 0.883110 0.883110 0.883110
713.433655 0.000000 1328.498901 0.000000 0.651206 0.000000 -0.758901 0.961762 0.961762 0.961762
708.605774 0.000000 1336.360962 0.000000 0.547575 0.000000 0.836757 0.615867 0.615867 0.615867
707.786194 0.000000 1331.155762 0.000000 0.988159 0.000000 0.153435 0.764927 0.764927 0.764927
705.441467 0.000000 1334.494995 0.000000 0.545100 0.000000 0.838371 0.567658 0.567658 0.567658
708.605774 0.000000 1342.357056 0.000000 0.174353 0.000000 -0.984683 1.014618 1.014618 1.014618
707.786194 0.000000 1337.151855 0.000000 0.934063 0.000000 0.357109 0.723420 0.723420 0.723420
705.441467 0.000000 1340.491089 0.000000 0.647896 0.000000 -0.761729 0.979875 0.979875 0.979875
711.422119 0.000000 1335.335083 0.000000 0.703540 0.000000 0.710655 0.661076 0.661076 0.661076
715.778381 0.000000 1331.155762 0.000000 0.204661 0.000000 0.978833 0.579227 0.579227 0.579227
719.137573 0.000000 1341.666626 0.000000 0.849589 0.000000 -0.527446 0.858811 0.858811 0.858811
715.385925 0.000000 1339.768799 0.000000 0.224032 0.000000 0.974582 0.636155 0.636155 0.636155
711.422119 0.000000 1341.331177 0.000000 0.255523 0.000000 0.966803 0.616517 0.616517 0.616517
723.770569 0.000000 1319.163574 0.000000 0.761311 0.000000 -0.648387 0.926808 0.926808 0.926808
735.121948 0.000000 1323.678345 0.000000 0.927625 0.000000 -0.373513 0.837462 0.837462 0.837462
731.370300 0.000000 1321.780518 0.000000 0.991496 0.000000 0.130136 0.783579 0.783579 0.783579
727.406494 0.000000 1323.342896 0.000000 0.572585 0.000000 -0.819845 0.926695 0.926695 0.926695
735.121948 0.000000 1329.674438 0.000000 0.392430 0.000000 0.919782 0.678745 0.678745 0.678745
731.370300 0.000000 1327.776611 0.000000 0.220246 0.000000 0.975444 0.649151 0.649151 0.649151
727.406494 0.000000 1329.338989 0.000000 0.791614 0.000000 0.611021 0.718601 0.718601 0.718601
727.129761 0.000000 1335.670532 0.000000 0.628046 0.000000 -0.778176 0.901520 0.901520 0.901520
723.378113 0.000000 1333.772705 0.000000 0.639598 0.000000 -0.768710 0.910327 0.910327 0.910327
719.414307 0.000000 1335.335083 0.000000 0.997665 0.000000 0.068301 0.791536 0.791536 0.791536
727.129761 0.000000 1341.666626 0.000000 0.761429 0.000000 0.648248 0.725343 0.725343 0.725343
723.378113 0.000000 1339.768799 0.000000 0.374091 0.000000 0.927392 0.671940 0.671940 0.671940
731.370300 0.000000 1333.772705 0.000000 0.834276 0.000000 -0.551347 0.865315 0.865315 0.865315
731.370300 0.000000 1339.768799 0.000000 0.373436 0.000000 -0.927656 0.954238 0.954238 0.954238
736.703186 0.000000 1296.557617 0.000000 0.382513 0.000000 0.923950 0.694101 0.694101 0.694101
743.114136 0.000000 1299.693970 0.000000 0.375239 0.000000 0.926928 0.657860 0.657860 0.657860
739.362488 0.000000 1303.792236 0.000000 0.908915 0.000000 -0.416981 0.856698 0.856698 0.856698
735.398682 0.000000 1305.354614 0.000000 0.823895 0.000000 0.566743 0.713353 0.713353 0.713353
740.574524 0.000000 1306.380493 0.000000 0.871146 0.000000 -0.491024 0.872783 0.872783 0.872783
747.354675 0.000000 1297.796143 0.000000 0.875759 0.000000 -0.482748 0.861378 0.861378 0.861378
747.354675 0.000000 1303.792236 0.000000 0.912647 0.000000 0.408748 0.742812 0.742812 0.742812
743.390869 0.000000 1305.354614 0.000000 0.082669 0.000000 0.996577 0.597907 0.597907 0.597907
739.362488 0.000000 1309.788330 0.000000 0.664657 0.000000 0.747149 0.676981 0.676981 0.676981
735.398682 0.000000 1311.350708 0.000000 0.795354 0.000000 -0.606145 0.894945 0.894945 0.894945
743.114136 0.000000 1317.682251 0.000000 0.651469 0.000000 0.758676 0.719152 0.719152 0.719152
739.362488 0.000000 1315.784424 0.000000 0.845134 0.000000 0.534554 0.732416 0.732416 0.732416
735.398682 0.000000 1317.346802 0.000000 0.944061 0.000000 -0.329770 0.844299 0.844299 0.844299
751.106323 0.000000 1311.686157 0.000000 0.906846 0.000000 0.421461 0.754817 0.754817 0.754817
747.354675 0.000000 1309.788330 0.000000 0.621612 0.000000 -0.783326 0.907851 0.907851 0.907851
743.390869 0.000000 1311.350708 0.000000 0.190188 0.000000 0.981748 0.629185 0.629185 0.629185
751.106323 0.000000 1317.682251 0.000000 0.230032 0.000000 -0.973183 0.914968 0.914968 0.914968
759.098511 0.000000 1299.693970 0.000000 0.943733 0.000000 -0.330708 0.829620 0.829620 0.829620
755.346863 0.000000 1297.796143 0.000000 0.524162 0.000000 -0.851619 0.913978 0.913978 0.913978
751.383057 0.000000 1299.358521 0.000000 0.923408 0.000000 -0.383821 0.851927 0.851927 0.851927
755.346863 0.000000 1303.792236 0.000000 0.535919 0.000000 0.844269 0.685565 0.685565 0.685565
751.383057 0.000000 1305.354614 0.000000 0.803909 0.000000 -0.594753 0.878874 0.878874 0.878874
766.093994 0.000000 1296.714844 0.000000 0.940162 0.000000 0.340727 0.784028 0.784028 0.784028
760.679749 0.000000 1296.557617 0.000000 0.172586 0.000000 -0.984994 0.906051 0.906051 0.906051
760.679749 0.000000 1302.553711 0.000000 0.441461 0.000000 -0.897280 0.868946 0.868946 0.868946
758.101807 0.000000 1314.703125 0.000000 0.870117 0.000000 0.492846 0.769121 0.769121 0.769121
752.687561 0.000000 1314.545898 0.000000 0.934904 0.000000 -0.354901 0.831158 0.831158 0.831158
743.114136 0.000000 1329.674438 0.000000 0.802321 0.000000 0.596893 0.746346 0.746346 0.746346
744.695374 0.000000 1320.541992 0.000000 0.363649 0.000000 -0.931536 0.898151 0.898151 0.898151
744.695374 0.000000 1326.538086 0.000000 0.173451 0.000000 -0.984842 0.903196 0.903196 0.903196
751.106323 0.000000 1329.674438 0.000000 0.857203 0.000000 -0.514979 0.849702 0.849702 0.849702
743.114136 0.000000 1335.670532 0.000000 0.151570 0.000000 -0.988447 0.967168 0.967168 0.967168
739.362488 0.000000 1333.772705 0.000000 0.436086 0.000000 0.899905 0.679255 0.679255 0.679255
735.398682 0.000000 1335.335083 0.000000 0.103637 0.000000 0.994615 0.621276 0.621276 0.621276
739.362488 0.000000 1339.768799 0.000000 0.631242 0.000000 -0.775586 0.920553 0.920553 0.920553
735.398682 0.000000 1341.331177 0.000000 0.578258 0.000000 0.815854 0.666596 0.666596 0.666596
740.574524 0.000000 1342.357056 0.000000 0.328844 0.000000 -0.944384 0.992506 0.992506 0.992506
747.354675 0.000000 1333.772705 0.000000 0.039776 0.000000 0.999209 0.644053 0.644053 0.644053
747.354675 0.000000 1339.768799 0.000000 0.486800 0.000000 0.873513 0.649351 0.649351 0.649351
743.390869 0.000000 1341.331177 0.000000 0.389594 0.000000 0.920987 0.626990 0.626990 0.626990
748.566711 0.000000 1342.357056 0.000000 0.351477 0.000000 0.936197 0.601564 0.601564 0.601564
752.687561 0.000000 1320.541992 0.000000 0.962130 0.000000 -0.272592 0.819851 0.819851 0.819851
759.098511 0.000000 1323.678345 0.000000 0.996742 0.000000 0.080655 0.793388 0.793388 0.793388
759.098511 0.000000 1329.674438 0.000000 0.949414 0.000000 0.314028 0.765549 0.765549 0.765549
766.093994 0.000000 1320.699219 0.000000 0.824068 0.000000 0.566491 0.768727 0.768727 0.768727
760.679749 0.000000 1320.541992 0.000000 0.979996 0.000000 0.199016 0.786795 0.786795 0.786795
767.090698 0.000000 1329.674438 0.000000 0.037374 0.000000 0.999301 0.656058 0.656058 0.656058
755.346863 0.000000 1333.772705 0.000000 1.000000 0.000000 -0.000650 0.800082 0.800082 0.800082
751.383057 0.000000 1335.335083 0.000000 0.129632 0.000000 0.991562 0.618710 0.618710 0.618710
756.558899 0.000000 1336.360962 0.000000 0.993351 0.000000 0.115130 0.781333 0.781333 0.781333
751.383057 0.000000 1341.331177 0.000000 0.997008 0.000000 -0.077294 0.812362 0.812362 0.812362
763.339050 0.000000 1333.772705 0.000000 0.615902 0.000000 0.787823 0.671346 0.671346 0.671346
764.551086 0.000000 1336.360962 0.000000 0.940426 0.000000 -0.339998 0.857508 0.857508 0.857508
764.551086 0.000000 1342.357056 0.000000 0.981374 0.000000 -0.192105 0.837450 0.837450 0.837450
763.731506 0.000000 1337.151855 0.000000 0.320927 0.000000 0.947104 0.583827 0.583827 0.583827
761.386780 0.000000 1340.491089 0.000000 0.845218 0.000000 -0.534421 0.905852 0.905852 0.905852
638.218994 0.000000 1350.679688 0.000000 0.293377 0.000000 -0.955997 0.855936 0.855936 0.855936
640.796936 0.000000 1344.526367 0.000000 0.814328 0.000000 -0.580405 0.848233 0.848233 0.848233
647.207886 0.000000 1347.662720 0.000000 0.717230 0.000000 -0.696836 0.881611 0.881611 0.881611
641.993530 0.000000 1354.654419 0.000000 0.979760 0.000000 0.200175 0.793962 0.793962 0.793962
652.660461 0.000000 1348.353149 0.000000 0.151191 0.000000 -0.988505 1.023896 1.023896 1.023896
651.840881 0.000000 1343.147949 0.000000 0.982548 0.000000 -0.186007 0.830268 0.830268 0.830268
651.448425 0.000000 1351.760986 0.000000 0.390525 0.000000 0.920592 0.664514 0.664514 0.664514
659.833069 0.000000 1343.147949 0.000000 0.577100 0.000000 -0.816674 1.025216 1.025216 1.025216
657.488342 0.000000 1346.487183 0.000000 0.302451 0.000000 0.953165 0.527454 0.527454 0.527454
661.253174 0.000000 1346.508789 0.000000 0.869144 0.000000 -0.494559 0.929153 0.929153 0.929153
663.320312 0.000000 1343.131592 0.000000 0.999943 0.000000 -0.010656 0.802767 0.802767 0.802767
655.476807 0.000000 1353.323364 0.000000 0.903866 0.000000 0.427817 0.739961 0.739961 0.739961
660.652649 0.000000 1354.349243 0.000000 0.337334 0.000000 0.941385 0.603997 0.603997 0.603997
659.833069 0.000000 1349.144043 0.000000 0.595973 0.000000 -0.803005 1.001103 1.001103 1.001103
663.320312 0.000000 1349.127686 0.000000 0.997370 0.000000 0.072476 0.781890 0.781890 0.781890
665.480530 0.000000 1346.487183 0.000000 0.364269 0.000000 -0.931294 1.130177 1.130177 1.130177
669.245361 0.000000 1346.508789 0.000000 0.494654 0.000000 0.869090 0.522297 0.522297 0.522297
671.312500 0.000000 1343.131592 0.000000 0.933561 0.000000 0.358419 0.707019 0.707019 0.707019
666.144043 0.000000 1343.417603 0.000000 0.998906 0.000000 0.046770 0.787572 0.787572 0.787572
668.644836 0.000000 1354.349243 0.000000 0.996238 0.000000 -0.086664 0.815944 0.815944 0.815944
665.480530 0.000000 1352.483276 0.000000 0.821496 0.000000 0.570215 0.672755 0.672755 0.672755
669.245361 0.000000 1352.504883 0.000000 0.306588 0.000000 -0.951842 1.066580 1.066580 1.066580
671.312500 0.000000 1349.127686 0.000000 0.475081 0.000000 0.879942 0.546476 0.546476 0.546476
666.144043 0.000000 1349.413696 0.000000 0.989931 0.000000 -0.141550 0.836876 0.836876 0.836876
663.192261 0.000000 1359.654907 0.000000 0.987630 0.000000 -0.156804 0.816353 0.816353 0.816353
659.440613 0.000000 1357.757080 0.000000 0.439853 0.000000 -0.898070 0.924748 0.924748 0.924748
662.195557 0.000000 1362.671875 0.000000 0.270098 0.000000 0.962833 0.727452 0.727452 0.727452
667.432800 0.000000 1357.757080 0.000000 0.073549 0.000000 0.997292 0.578723 0.578723 0.578723
667.825256 0.000000 1355.140137 0.000000 0.889642 0.000000 0.456658 0.715703 0.715703 0.715703
665.970093 0.000000 1366.646606 0.000000 0.413496 0.000000 0.910506 0.772570 0.772570 0.772570
664.773499 0.000000 1362.514648 0.000000 0.699399 0.000000 0.714731 0.750701 0.750701 0.750701
675.817444 0.000000 1343.147949 0.000000 0.893322 0.000000 -0.449416 0.907989 0.907989 0.907989
673.472717 0.000000 1346.487183 0.000000 0.948862 0.000000 0.315692 0.724305 0.724305 0.724305
677.237549 0.000000 1346.508789 0.000000 0.721179 0.000000 0.692749 0.619640 0.619640 0.619640
679.304688 0.000000 1343.131592 0.000000 0.992723 0.000000 0.120418 0.772275 0.772275 0.772275
676.637024 0.000000 1354.349243 0.000000 0.954655 0.000000 0.297715 0.746265 0.746265 0.746265
675.817444 0.000000 1349.144043 0.000000 0.176737 0.000000 0.984258 0.477241 0.477241 0.477241
673.472717 0.000000 1352.483276 0.000000 0.376746 0.000000 -0.926317 1.050771 1.050771 1.050771
684.629211 0.000000 1348.353149 0.000000 0.604101 0.000000 0.796908 0.630557 0.630557 0.630557
683.809631 0.000000 1343.147949 0.000000 0.999901 0.000000 -0.014082 0.803010 0.803010 0.803010
681.464905 0.000000 1346.487183 0.000000 0.528511 0.000000 -0.848926 1.006560 1.006560 1.006560
684.629211 0.000000 1354.349243 0.000000 0.131972 0.000000 0.991253 0.590278 0.590278 0.590278
683.809631 0.000000 1349.144043 0.000000 0.253018 0.000000 0.967462 0.550495 0.550495 0.550495
671.461182 0.000000 1359.319458 0.000000 0.706349 0.000000 -0.707864 0.903671 0.903671 0.903671
675.817444 0.000000 1355.140137 0.000000 0.614847 0.000000 -0.788646 0.970582 0.970582 0.970582
683.417175 0.000000 1357.757080 0.000000 0.867510 0.000000 -0.497420 0.871747 0.871747 0.871747
679.453369 0.000000 1359.319458 0.000000 0.996415 0.000000 0.084605 0.789173 0.789173 0.789173
687.168823 0.000000 1365.651001 0.000000 0.753977 0.000000 -0.656900 0.860120 0.860120 0.860120
692.621399 0.000000 1348.353149 0.000000 0.800522 0.000000 -0.599303 0.919364 0.919364 0.919364
691.801819 0.000000 1343.147949 0.000000 0.539839 0.000000 -0.841768 1.021816 1.021816 1.021816
689.457092 0.000000 1346.487183 0.000000 0.686513 0.000000 0.727117 0.639028 0.639028 0.639028
695.289062 0.000000 1343.131592 0.000000 0.872975 0.000000 0.487765 0.683988 0.683988 0.683988
687.445557 0.000000 1353.323364 0.000000 0.122935 0.000000 -0.992415 1.039961 1.039961 1.039961
691.801819 0.000000 1349.144043 0.000000 0.336147 0.000000 0.941809 0.569460 0.569460 0.569460
700.613586 0.000000 1348.353149 0.000000 0.588057 0.000000 -0.808820 0.950535 0.950535 0.950535
699.794006 0.000000 1343.147949 0.000000 0.279898 0.000000 0.960030 0.506945 0.506945 0.506945
697.449280 0.000000 1346.487183 0.000000 0.088242 0.000000 0.996099 0.518725 0.518725 0.518725
695.437744 0.000000 1353.323364 0.000000 0.985267 0.000000 -0.171021 0.826088 0.826088 0.826088
699.794006 0.000000 1349.144043 0.000000 0.898744 0.000000 0.438474 0.722037 0.722037 0.722037
695.161011 0.000000 1359.654907 0.000000 0.640873 0.000000 0.767647 0.709109 0.709109 0.709109
691.409363 0.000000 1357.757080 0.000000 0.879031 0.000000 -0.476764 0.862532 0.862532 0.862532
703.153198 0.000000 1359.654907 0.000000 0.882728 0.000000 0.469884 0.753106 0.753106 0.753106
699.401550 0.000000 1357.757080 0.000000 0.835874 0.000000 0.548922 0.729207 0.729207 0.729207
696.742249 0.000000 1362.514648 0.000000 0.283079 0.000000 0.959097 0.689746 0.689746 0.689746
703.153198 0.000000 1365.651001 0.000000 0.999769 0.000000 0.021490 0.798068 0.798068 0.798068
678.179932 0.000000 1368.667969 0.000000 0.999802 0.000000 0.019895 0.799166 0.799166 0.799166
686.172119 0.000000 1374.664062 0.000000 0.978865 0.000000 0.204508 0.789716 0.789716 0.789716
673.962280 0.000000 1384.634888 0.000000 0.608732 0.000000 -0.793376 0.820131 0.820131 0.820131
678.179932 0.000000 1386.656250 0.000000 0.977961 0.000000 0.208789 0.789078 0.789078 0.789078
680.757874 0.000000 1386.499023 0.000000 0.969748 0.000000 0.244107 0.783747 0.783747 0.783747
687.168823 0.000000 1389.635376 0.000000 0.722017 0.000000 0.691876 0.719119 0.719119 0.719119
688.750061 0.000000 1368.510742 0.000000 0.985231 0.000000 0.171232 0.788315 0.788315 0.788315
688.750061 0.000000 1374.506836 0.000000 0.966826 0.000000 -0.255434 0.815992 0.815992 0.815992
696.742249 0.000000 1368.510742 0.000000 0.784905 0.000000 0.619616 0.747948 0.747948 0.747948
703.153198 0.000000 1371.647095 0.000000 0.176335 0.000000 -0.984330 0.944727 0.944727 0.944727
696.742249 0.000000 1374.506836 0.000000 0.775234 0.000000 -0.631674 0.857352 0.857352 0.857352
688.750061 0.000000 1380.502930 0.000000 0.695532 0.000000 -0.718495 0.854436 0.854436 0.854436
691.409363 0.000000 1387.737549 0.000000 0.727215 0.000000 -0.686409 0.883105 0.883105 0.883105
700.613586 0.000000 1384.329712 0.000000 0.937326 0.000000 -0.348453 0.856869 0.856869 0.856869
695.437744 0.000000 1389.299927 0.000000 0.685457 0.000000 -0.728113 0.909135 0.909135 0.909135
700.613586 0.000000 1390.325806 0.000000 0.829232 0.000000 -0.558905 0.897128 0.897128 0.897128
670.187744 0.000000 1398.648438 0.000000 0.956605 0.000000 0.291386 0.784646 0.784646 0.784646
657.977905 0.000000 1414.615356 0.000000 0.981874 0.000000 -0.189535 0.805332 0.805332 0.805332
662.195557 0.000000 1410.640625 0.000000 0.774023 0.000000 0.633157 0.771244 0.771244 0.771244
671.184448 0.000000 1407.623657 0.000000 0.303744 0.000000 0.952754 0.689082 0.689082 0.689082
654.203369 0.000000 1428.628906 0.000000 0.831547 0.000000 -0.555454 0.829405 0.829405 0.829405
649.985718 0.000000 1438.599731 0.000000 0.936921 0.000000 0.349542 0.790729 0.790729 0.790729
654.203369 0.000000 1434.625000 0.000000 0.145147 0.000000 0.989410 0.725995 0.725995 0.725995
662.195557 0.000000 1416.636719 0.000000 0.206955 0.000000 0.978351 0.726535 0.726535 0.726535
664.773499 0.000000 1416.479492 0.000000 0.757064 0.000000 0.653340 0.754496 0.754496 0.754496
671.184448 0.000000 1419.615845 0.000000 0.994713 0.000000 -0.102690 0.808835 0.808835 0.808835
671.184448 0.000000 1425.611938 0.000000 0.740980 0.000000 0.671527 0.739709 0.739709 0.739709
671.184448 0.000000 1431.608032 0.000000 0.796333 0.000000 -0.604859 0.871356 0.871356 0.871356
672.765686 0.000000 1398.491211 0.000000 0.745933 0.000000 0.666021 0.750506 0.750506 0.750506
679.176636 0.000000 1401.627563 0.000000 0.656813 0.000000 0.754054 0.707872 0.707872 0.707872
683.417175 0.000000 1393.733643 0.000000 0.970865 0.000000 0.239629 0.774385 0.774385 0.774385
675.424988 0.000000 1405.725830 0.000000 0.813858 0.000000 0.581063 0.736844 0.736844 0.736844
687.168823 0.000000 1407.623657 0.000000 0.213660 0.000000 0.976908 0.648396 0.648396 0.648396
679.453369 0.000000 1407.288208 0.000000 0.978305 0.000000 -0.207169 0.825424 0.825424 0.825424
687.168823 0.000000 1413.619751 0.000000 0.930620 0.000000 -0.365986 0.832927 0.832927 0.832927
683.417175 0.000000 1411.721924 0.000000 0.069444 0.000000 0.997586 0.635085 0.635085 0.635085
691.409363 0.000000 1393.733643 0.000000 0.966803 0.000000 0.255524 0.765940 0.765940 0.765940
687.445557 0.000000 1395.296021 0.000000 0.155773 0.000000 0.987793 0.627683 0.627683 0.627683
692.621399 0.000000 1396.321899 0.000000 0.899816 0.000000 -0.436270 0.865821 0.865821 0.865821
687.445557 0.000000 1401.292114 0.000000 0.670965 0.000000 -0.741489 0.905101 0.905101 0.905101
695.437744 0.000000 1395.296021 0.000000 0.545100 0.000000 -0.838371 0.950923 0.950923 0.950923
700.613586 0.000000 1396.321899 0.000000 0.536528 0.000000 -0.843883 0.950464 0.950464 0.950464
695.437744 0.000000 1401.292114 0.000000 0.262953 0.000000 -0.964809 0.971985 0.971985 0.971985
691.409363 0.000000 1405.725830 0.000000 0.088345 0.000000 -0.996090 0.953950 0.953950 0.953950
694.164307 0.000000 1410.640625 0.000000 0.168366 0.000000 0.985725 0.730016 0.730016 0.730016
688.750061 0.000000 1410.483398 0.000000 0.987210 0.000000 -0.159427 0.812791 0.812791 0.812791
675.424988 0.000000 1417.718018 0.000000 0.973326 0.000000 -0.229426 0.824504 0.824504 0.824504
687.168823 0.000000 1419.615845 0.000000 0.978222 0.000000 0.207563 0.782879 0.782879 0.782879
683.417175 0.000000 1417.718018 0.000000 0.017089 0.000000 0.999854 0.638638 0.638638 0.638638
687.168823 0.000000 1425.611938 0.000000 0.539380 0.000000 0.842063 0.712025 0.712025 0.712025
687.168823 0.000000 1431.608032 0.000000 0.999798 0.000000 -0.020093 0.802207 0.802207 0.802207
679.453369 0.000000 1431.272583 0.000000 0.537940 0.000000 -0.842983 0.926179 0.926179 0.926179
687.168823 0.000000 1437.604126 0.000000 0.251585 0.000000 0.967835 0.652758 0.652758 0.652758
679.453369 0.000000 1437.268677 0.000000 0.212111 0.000000 0.977246 0.626536 0.626536 0.626536
688.750061 0.000000 1422.475586 0.000000 0.879271 0.000000 -0.476321 0.832722 0.832722 0.832722
697.938843 0.000000 1426.607544 0.000000 0.985338 0.000000 -0.170613 0.804794 0.804794 0.804794
694.164307 0.000000 1428.628906 0.000000 0.786994 0.000000 0.616961 0.768130 0.768130 0.768130
688.750061 0.000000 1428.471680 0.000000 0.808562 0.000000 -0.588411 0.856540 0.856540 0.856540
694.164307 0.000000 1434.625000 0.000000 0.390593 0.000000 -0.920564 0.863067 0.863067 0.863067
711.145386 0.000000 1347.662720 0.000000 0.967145 0.000000 -0.254225 0.829263 0.829263 0.829263
703.429932 0.000000 1347.327271 0.000000 0.245847 0.000000 0.969309 0.578143 0.578143 0.578143
707.786194 0.000000 1343.147949 0.000000 0.394820 0.000000 -0.918759 0.997764 0.997764 0.997764
711.145386 0.000000 1353.658813 0.000000 0.891545 0.000000 0.452933 0.755876 0.755876 0.755876
707.393738 0.000000 1351.760986 0.000000 0.994677 0.000000 -0.103043 0.811752 0.811752 0.811752
703.429932 0.000000 1353.323364 0.000000 0.252655 0.000000 0.967556 0.629238 0.629238 0.629238
719.137573 0.000000 1347.662720 0.000000 0.586756 0.000000 0.809764 0.713295 0.713295 0.713295
712.726624 0.000000 1350.522461 0.000000 0.965075 0.000000 -0.261975 0.823823 0.823823 0.823823
719.137573 0.000000 1353.658813 0.000000 0.993669 0.000000 -0.112351 0.811243 0.811243 0.811243
711.145386 0.000000 1359.654907 0.000000 0.661669 0.000000 0.749796 0.722114 0.722114 0.722114
704.734436 0.000000 1362.514648 0.000000 0.953902 0.000000 0.300118 0.772604 0.772604 0.772604
716.597961 0.000000 1366.341431 0.000000 0.715276 0.000000 -0.698842 0.922088 0.922088 0.922088
727.129761 0.000000 1347.662720 0.000000 0.988041 0.000000 -0.154189 0.818551 0.818551 0.818551
723.378113 0.000000 1351.760986 0.000000 0.318402 0.000000 0.947956 0.648106 0.648106 0.648106
724.590149 0.000000 1354.349243 0.000000 0.470528 0.000000 0.882385 0.629453 0.629453 0.629453
731.370300 0.000000 1345.764893 0.000000 0.903918 0.000000 0.427705 0.741743 0.741743 0.741743
732.582336 0.000000 1348.353149 0.000000 0.165993 0.000000 -0.986127 1.024335 1.024335 1.024335
727.406494 0.000000 1353.323364 0.000000 0.779691 0.000000 0.626164 0.694592 0.694592 0.694592
732.582336 0.000000 1354.349243 0.000000 0.050372 0.000000 0.998731 0.520632 0.520632 0.520632
719.414307 0.000000 1359.319458 0.000000 0.120750 0.000000 0.992683 0.608897 0.608897 0.608897
724.590149 0.000000 1360.345337 0.000000 0.804200 0.000000 0.594359 0.679238 0.679238 0.679238
719.414307 0.000000 1365.315552 0.000000 0.890849 0.000000 -0.454300 0.881001 0.881001 0.881001
724.590149 0.000000 1366.341431 0.000000 0.765877 0.000000 0.642987 0.652145 0.652145 0.652145
723.770569 0.000000 1361.136230 0.000000 0.904535 0.000000 0.426398 0.721698 0.721698 0.721698
721.425842 0.000000 1364.475464 0.000000 0.590098 0.000000 0.807332 0.625473 0.625473 0.625473
725.190674 0.000000 1364.497070 0.000000 0.205773 0.000000 -0.978600 1.085949 1.085949 1.085949
731.762756 0.000000 1355.140137 0.000000 0.656775 0.000000 -0.754086 0.953555 0.953555 0.953555
729.418030 0.000000 1358.479370 0.000000 0.800865 0.000000 -0.598845 0.928234 0.928234 0.928234
733.182861 0.000000 1358.500977 0.000000 0.197780 0.000000 -0.980246 1.084921 1.084921 1.084921
732.582336 0.000000 1366.341431 0.000000 0.365273 0.000000 -0.930901 1.050996 1.050996 1.050996
731.762756 0.000000 1361.136230 0.000000 0.189972 0.000000 -0.981789 1.100351 1.100351 1.100351
729.418030 0.000000 1364.475464 0.000000 0.269266 0.000000 0.963066 0.519983 0.519983 0.519983
733.182861 0.000000 1364.497070 0.000000 0.930100 0.000000 -0.367306 0.880377 0.880377 0.880377
708.605774 0.000000 1378.333618 0.000000 0.540925 0.000000 0.841071 0.638344 0.638344 0.638344
711.422119 0.000000 1371.311646 0.000000 0.142153 0.000000 0.989845 0.600334 0.600334 0.600334
716.597961 0.000000 1372.337524 0.000000 0.882152 0.000000 -0.470964 0.884230 0.884230 0.884230
711.422119 0.000000 1377.307739 0.000000 0.607303 0.000000 -0.794470 0.944865 0.944865 0.944865
716.597961 0.000000 1378.333618 0.000000 0.721540 0.000000 -0.692373 0.923722 0.923722 0.923722
703.429932 0.000000 1383.303833 0.000000 0.417945 0.000000 -0.908472 0.984363 0.984363 0.984363
708.605774 0.000000 1384.329712 0.000000 0.146824 0.000000 0.989163 0.549821 0.549821 0.549821
703.429932 0.000000 1389.299927 0.000000 0.940527 0.000000 0.339719 0.739772 0.739772 0.739772
708.605774 0.000000 1390.325806 0.000000 0.929293 0.000000 0.369344 0.735022 0.735022 0.735022
707.786194 0.000000 1385.120605 0.000000 0.255795 0.000000 0.966731 0.569385 0.569385 0.569385
711.422119 0.000000 1383.303833 0.000000 0.470549 0.000000 0.882374 0.607868 0.607868 0.607868
716.597961 0.000000 1384.329712 0.000000 0.739707 0.000000 -0.672929 0.909097 0.909097 0.909097
715.778381 0.000000 1379.124512 0.000000 0.976976 0.000000 0.213350 0.763929 0.763929 0.763929
711.422119 0.000000 1389.299927 0.000000 0.818702 0.000000 0.574219 0.694942 0.694942 0.694942
715.778381 0.000000 1385.120605 0.000000 0.722083 0.000000 -0.691806 0.925121 0.925121 0.925121
719.414307 0.000000 1371.311646 0.000000 0.092965 0.000000 -0.995669 1.062667 1.062667 1.062667
724.590149 0.000000 1372.337524 0.000000 0.204635 0.000000 -0.978838 1.080741 1.080741 1.080741
723.770569 0.000000 1367.132324 0.000000 0.972583 0.000000 0.232556 0.752186 0.752186 0.752186
721.425842 0.000000 1370.471558 0.000000 0.602608 0.000000 0.798037 0.622831 0.622831 0.622831
725.190674 0.000000 1370.493164 0.000000 0.897610 0.000000 0.440791 0.704272 0.704272 0.704272
719.414307 0.000000 1377.307739 0.000000 0.649933 0.000000 0.759991 0.656890 0.656890 0.656890
724.590149 0.000000 1378.333618 0.000000 0.643861 0.000000 0.765143 0.671231 0.671231 0.671231
723.770569 0.000000 1373.128418 0.000000 0.359955 0.000000 0.932970 0.562218 0.562218 0.562218
732.582336 0.000000 1372.337524 0.000000 0.473926 0.000000 -0.880565 1.010811 1.010811 1.010811
731.762756 0.000000 1367.132324 0.000000 0.278196 0.000000 0.960524 0.521986 0.521986 0.521986
729.418030 0.000000 1370.471558 0.000000 0.997070 0.000000 0.076488 0.783638 0.783638 0.783638
727.406494 0.000000 1377.307739 0.000000 0.220997 0.000000 -0.975275 1.034221 1.034221 1.034221
731.762756 0.000000 1373.128418 0.000000 0.972837 0.000000 -0.231491 0.847591 0.847591 0.847591
727.129761 0.000000 1383.639282 0.000000 0.111234 0.000000 0.993794 0.654268 0.654268 0.654268
719.414307 0.000000 1383.303833 0.000000 0.199318 0.000000 -0.979935 0.988818 0.988818 0.988818
735.121948 0.000000 1383.639282 0.000000 0.849798 0.000000 -0.527108 0.847681 0.847681 0.847681
731.370300 0.000000 1381.741455 0.000000 0.352164 0.000000 0.935938 0.657309 0.657309 0.657309
729.907593 0.000000 1390.630981 0.000000 0.950477 0.000000 0.310795 0.793057 0.793057 0.793057
734.125244 0.000000 1386.656250 0.000000 0.999892 0.000000 -0.014725 0.800765 0.800765 0.800765
735.398682 0.000000 1347.327271 0.000000 0.183161 0.000000 -0.983083 1.018780 1.018780 1.018780
740.574524 0.000000 1348.353149 0.000000 0.670491 0.000000 -0.741917 0.938572 0.938572 0.938572
735.398682 0.000000 1353.323364 0.000000 0.623326 0.000000 0.781962 0.643997 0.643997 0.643997
740.574524 0.000000 1354.349243 0.000000 0.006304 0.000000 0.999980 0.512531 0.512531 0.512531
739.754944 0.000000 1349.144043 0.000000 0.987012 0.000000 -0.160649 0.827069 0.827069 0.827069
748.566711 0.000000 1348.353149 0.000000 0.996348 0.000000 0.085390 0.786340 0.786340 0.786340
747.747131 0.000000 1343.147949 0.000000 0.894115 0.000000 -0.447838 0.875120 0.875120 0.875120
743.390869 0.000000 1353.323364 0.000000 0.595379 0.000000 0.803445 0.636008 0.636008 0.636008
748.566711 0.000000 1354.349243 0.000000 0.997966 0.000000 -0.063743 0.809937 0.809937 0.809937
739.754944 0.000000 1355.140137 0.000000 0.518217 0.000000 0.855249 0.607372 0.607372 0.607372
737.410217 0.000000 1358.479370 0.000000 0.366875 0.000000 0.930270 0.570848 0.570848 0.570848
739.754944 0.000000 1361.136230 0.000000 0.999807 0.000000 0.019659 0.796309 0.796309 0.796309
737.410217 0.000000 1364.475464 0.000000 0.596552 0.000000 -0.802575 0.987923 0.987923 0.987923
748.566711 0.000000 1360.345337 0.000000 0.057864 0.000000 -0.998325 1.026622 1.026622 1.026622
747.747131 0.000000 1355.140137 0.000000 0.889862 0.000000 0.456230 0.718627 0.718627 0.718627
751.383057 0.000000 1347.327271 0.000000 0.732633 0.000000 0.680624 0.675902 0.675902 0.675902
755.739319 0.000000 1343.147949 0.000000 0.996657 0.000000 0.081697 0.785625 0.785625 0.785625
756.558899 0.000000 1354.349243 0.000000 0.883710 0.000000 0.468034 0.728987 0.728987 0.728987
764.551086 0.000000 1348.353149 0.000000 0.997029 0.000000 -0.077033 0.815247 0.815247 0.815247
763.731506 0.000000 1343.147949 0.000000 0.958111 0.000000 -0.286397 0.856852 0.856852 0.856852
761.386780 0.000000 1346.487183 0.000000 0.506576 0.000000 -0.862195 1.005554 1.005554 1.005554
764.551086 0.000000 1354.349243 0.000000 0.364924 0.000000 0.931037 0.582402 0.582402 0.582402
763.731506 0.000000 1349.144043 0.000000 0.203040 0.000000 0.979171 0.529839 0.529839 0.529839
751.383057 0.000000 1359.319458 0.000000 0.960270 0.000000 -0.279072 0.840671 0.840671 0.840671
759.375244 0.000000 1359.319458 0.000000 0.852133 0.000000 0.523325 0.726302 0.726302 0.726302
764.551086 0.000000 1360.345337 0.000000 0.495556 0.000000 -0.868576 0.953427 0.953427 0.953427
763.731506 0.000000 1355.140137 0.000000 0.992117 0.000000 0.125318 0.777916 0.777916 0.777916
763.339050 0.000000 1363.753174 0.000000 0.085529 0.000000 0.996336 0.604229 0.604229 0.604229
740.574524 0.000000 1372.337524 0.000000 0.999957 0.000000 0.009269 0.798667 0.798667 0.798667
739.754944 0.000000 1367.132324 0.000000 0.438227 0.000000 0.898864 0.590262 0.590262 0.590262
743.114136 0.000000 1377.643188 0.000000 0.696930 0.000000 0.717140 0.721739 0.721739 0.721739
739.362488 0.000000 1375.745361 0.000000 0.200928 0.000000 0.979606 0.603209 0.603209 0.603209
735.398682 0.000000 1377.307739 0.000000 0.428970 0.000000 -0.903319 0.968883 0.968883 0.968883
743.390869 0.000000 1371.311646 0.000000 0.169593 0.000000 -0.985514 0.995782 0.995782 0.995782
745.891968 0.000000 1384.634888 0.000000 0.710820 0.000000 0.703373 0.779745 0.779745 0.779745
759.098511 0.000000 1371.647095 0.000000 0.749638 0.000000 0.661848 0.736439 0.736439 0.736439
755.346863 0.000000 1369.749268 0.000000 0.603282 0.000000 0.797528 0.702277 0.702277 0.702277
767.090698 0.000000 1371.647095 0.000000 0.282949 0.000000 -0.959135 0.935908 0.935908 0.935908
763.339050 0.000000 1369.749268 0.000000 0.834670 0.000000 0.550751 0.739424 0.739424 0.739424
760.679749 0.000000 1374.506836 0.000000 0.709714 0.000000 0.704490 0.748479 0.748479 0.748479
703.429932 0.000000 1395.296021 0.000000 0.755523 0.000000 -0.655122 0.909857 0.909857 0.909857
707.786194 0.000000 1391.116699 0.000000 0.920089 0.000000 0.391710 0.728456 0.728456 0.728456
711.145386 0.000000 1401.627563 0.000000 0.875434 0.000000 0.483339 0.753653 0.753653 0.753653
719.137573 0.000000 1395.631470 0.000000 0.904045 0.000000 0.427438 0.763834 0.763834 0.763834
711.422119 0.000000 1395.296021 0.000000 0.971192 0.000000 0.238300 0.764438 0.764438 0.764438
718.140869 0.000000 1398.648438 0.000000 0.409184 0.000000 0.912452 0.738027 0.738027 0.738027
704.734436 0.000000 1404.487305 0.000000 0.996983 0.000000 0.077622 0.793637 0.793637 0.793637
713.923218 0.000000 1408.619263 0.000000 0.122271 0.000000 -0.992497 0.843387 0.843387 0.843387
720.718811 0.000000 1392.495117 0.000000 0.391219 0.000000 0.920297 0.713625 0.713625 0.713625
721.915405 0.000000 1402.623169 0.000000 0.517772 0.000000 0.855519 0.769246 0.769246 0.769246
654.203369 0.000000 1440.621094 0.000000 0.996586 0.000000 -0.082560 0.803632 0.803632 0.803632
657.977905 0.000000 1450.591919 0.000000 0.685695 0.000000 0.727889 0.780461 0.780461 0.780461
662.195557 0.000000 1446.617188 0.000000 0.974054 0.000000 0.226315 0.788145 0.788145 0.788145
664.773499 0.000000 1440.463867 0.000000 0.740813 0.000000 0.671712 0.749986 0.749986 0.749986
671.184448 0.000000 1443.600220 0.000000 0.447890 0.000000 0.894089 0.700562 0.700562 0.700562
662.195557 0.000000 1452.613281 0.000000 0.577209 0.000000 -0.816597 0.843892 0.843892 0.843892
662.195557 0.000000 1458.609375 0.000000 0.999945 0.000000 -0.010445 0.800438 0.800438 0.800438
665.970093 0.000000 1468.580200 0.000000 0.907050 0.000000 0.421022 0.786981 0.786981 0.786981
687.168823 0.000000 1443.600220 0.000000 0.327277 0.000000 -0.944929 0.903796 0.903796 0.903796
672.765686 0.000000 1452.456055 0.000000 0.840685 0.000000 0.541525 0.757712 0.757712 0.757712
678.179932 0.000000 1458.609375 0.000000 0.311577 0.000000 0.950221 0.732381 0.732381 0.732381
672.765686 0.000000 1458.452148 0.000000 0.662652 0.000000 0.748928 0.742521 0.742521 0.742521
680.757874 0.000000 1452.456055 0.000000 0.999713 0.000000 -0.023940 0.801530 0.801530 0.801530
694.164307 0.000000 1440.621094 0.000000 0.290814 0.000000 -0.956780 0.861150 0.861150 0.861150
697.938843 0.000000 1444.595825 0.000000 0.996200 0.000000 -0.087094 0.802090 0.802090 0.802090
678.179932 0.000000 1464.605469 0.000000 0.983246 0.000000 -0.182285 0.808421 0.808421 0.808421
672.765686 0.000000 1464.448242 0.000000 0.498907 0.000000 -0.866656 0.864915 0.864915 0.864915
673.962280 0.000000 1474.576294 0.000000 0.647549 0.000000 -0.762023 0.825957 0.825957 0.825957
681.954468 0.000000 1474.576294 0.000000 0.386122 0.000000 0.922448 0.771854 0.771854 0.771854
785.852905 0.000000 1174.771606 0.000000 0.690461 0.000000 -0.723370 0.822612 0.822612 0.822612
793.845093 0.000000 1168.775513 0.000000 0.539381 0.000000 0.842062 0.772008 0.772008 0.772008
798.062744 0.000000 1170.796875 0.000000 0.365036 0.000000 0.930993 0.735445 0.735445 0.735445
777.860718 0.000000 1186.763794 0.000000 0.951988 0.000000 -0.306136 0.809321 0.809321 0.809321
782.078369 0.000000 1182.789062 0.000000 0.912551 0.000000 -0.408963 0.821878 0.821878 0.821878
791.067261 0.000000 1179.772095 0.000000 0.722448 0.000000 -0.691426 0.862517 0.862517 0.862517
784.656311 0.000000 1182.631836 0.000000 0.017232 0.000000 0.999852 0.703812 0.703812 0.703812
791.067261 0.000000 1185.768188 0.000000 0.998875 0.000000 -0.047426 0.804927 0.804927 0.804927
792.648499 0.000000 1176.635742 0.000000 0.537672 0.000000 -0.843154 0.880139 0.880139 0.880139
799.059448 0.000000 1179.772095 0.000000 0.661663 0.000000 0.749802 0.720420 0.720420 0.720420
799.059448 0.000000 1185.768188 0.000000 0.705440 0.000000 -0.708769 0.883386 0.883386 0.883386
795.307800 0.000000 1183.870361 0.000000 0.759064 0.000000 0.651016 0.723542 0.723542 0.723542
784.656311 0.000000 1188.627930 0.000000 0.279590 0.000000 -0.960120 0.905423 0.905423 0.905423
791.067261 0.000000 1191.764282 0.000000 0.843551 0.000000 -0.537049 0.861144 0.861144 0.861144
784.656311 0.000000 1194.624023 0.000000 0.650365 0.000000 -0.759622 0.863754 0.863754 0.863754
791.067261 0.000000 1197.760376 0.000000 0.639883 0.000000 -0.768473 0.871770 0.871770 0.871770
799.059448 0.000000 1191.764282 0.000000 0.674241 0.000000 0.738511 0.720348 0.720348 0.720348
795.307800 0.000000 1189.866455 0.000000 0.417784 0.000000 -0.908547 0.932033 0.932033 0.932033
792.648499 0.000000 1194.624023 0.000000 0.649597 0.000000 0.760279 0.722371 0.722371 0.722371
801.837280 0.000000 1162.779419 0.000000 0.663741 0.000000 -0.747963 0.825315 0.825315 0.825315
809.829468 0.000000 1162.779419 0.000000 0.432431 0.000000 -0.901667 0.833662 0.833662 0.833662
806.054932 0.000000 1170.796875 0.000000 0.008369 0.000000 0.999965 0.718866 0.718866 0.718866
817.821655 0.000000 1168.775513 0.000000 0.718996 0.000000 0.695014 0.783118 0.783118 0.783118
817.821655 0.000000 1174.771606 0.000000 0.654742 0.000000 0.755852 0.781173 0.781173 0.781173
806.054932 0.000000 1176.792969 0.000000 0.901882 0.000000 0.431982 0.773236 0.773236 0.773236
800.640686 0.000000 1176.635742 0.000000 0.884049 0.000000 -0.467395 0.841768 0.841768 0.841768
806.054932 0.000000 1188.785156 0.000000 0.479986 0.000000 0.877276 0.742291 0.742291 0.742291
800.640686 0.000000 1194.624023 0.000000 0.936960 0.000000 -0.349438 0.822815 0.822815 0.822815
809.829468 0.000000 1192.759888 0.000000 0.393167 0.000000 -0.919467 0.832623 0.832623 0.832623
785.852905 0.000000 1204.752075 0.000000 0.513957 0.000000 -0.857816 0.824710 0.824710 0.824710
790.070557 0.000000 1200.777344 0.000000 0.620410 0.000000 -0.784277 0.852217 0.852217 0.852217
798.062744 0.000000 1200.777344 0.000000 0.978312 0.000000 -0.207139 0.808751 0.808751 0.808751
769.868530 0.000000 1288.697388 0.000000 0.969514 0.000000 -0.245035 0.806922 0.806922 0.806922
769.868530 0.000000 1300.689575 0.000000 0.945888 0.000000 -0.324494 0.809901 0.809901 0.809901
774.086182 0.000000 1326.695312 0.000000 0.894017 0.000000 0.448033 0.778660 0.778660 0.778660
768.671936 0.000000 1326.538086 0.000000 0.646143 0.000000 -0.763216 0.862430 0.862430 0.862430
777.860718 0.000000 1324.673950 0.000000 0.946587 0.000000 0.322449 0.792787 0.792787 0.792787
775.082886 0.000000 1335.670532 0.000000 0.731729 0.000000 0.681596 0.728105 0.728105 0.728105
771.331238 0.000000 1333.772705 0.000000 0.949531 0.000000 0.313672 0.764952 0.764952 0.764952
767.367432 0.000000 1335.335083 0.000000 0.674065 0.000000 -0.738672 0.921173 0.921173 0.921173
771.331238 0.000000 1339.768799 0.000000 0.999998 0.000000 0.001760 0.799740 0.799740 0.799740
767.367432 0.000000 1341.331177 0.000000 0.159248 0.000000 -0.987239 1.045152 1.045152 1.045152
772.543274 0.000000 1342.357056 0.000000 0.951200 0.000000 -0.308576 0.850122 0.850122 0.850122
776.664124 0.000000 1332.534180 0.000000 0.723839 0.000000 -0.689968 0.854748 0.854748 0.854748
782.078369 0.000000 1338.687500 0.000000 0.776774 0.000000 0.629779 0.761902 0.761902 0.761902
775.359619 0.000000 1341.331177 0.000000 0.739292 0.000000 0.673385 0.702616 0.702616 0.702616
772.543274 0.000000 1348.353149 0.000000 0.590694 0.000000 0.806896 0.642486 0.642486 0.642486
771.723694 0.000000 1343.147949 0.000000 0.721954 0.000000 -0.691941 0.929730 0.929730 0.929730
769.378967 0.000000 1346.487183 0.000000 0.767040 0.000000 0.641599 0.665050 0.665050 0.665050
772.543274 0.000000 1354.349243 0.000000 0.091768 0.000000 -0.995780 1.036297 1.036297 1.036297
771.723694 0.000000 1349.144043 0.000000 0.474283 0.000000 -0.880372 0.997829 0.997829 0.997829
769.378967 0.000000 1352.483276 0.000000 0.454578 0.000000 0.890707 0.593692 0.593692 0.593692
779.323425 0.000000 1345.764893 0.000000 0.028325 0.000000 -0.999599 0.981760 0.981760 0.981760
775.359619 0.000000 1347.327271 0.000000 0.113670 0.000000 -0.993519 1.024050 1.024050 1.024050
779.323425 0.000000 1351.760986 0.000000 0.291695 0.000000 -0.956511 0.945126 0.945126 0.945126
775.359619 0.000000 1353.323364 0.000000 0.521429 0.000000 0.853295 0.646871 0.646871 0.646871
767.367432 0.000000 1359.319458 0.000000 0.542901 0.000000 -0.839797 0.957294 0.957294 0.957294
772.543274 0.000000 1360.345337 0.000000 0.083519 0.000000 -0.996506 1.013858 1.013858 1.013858
771.723694 0.000000 1355.140137 0.000000 0.127982 0.000000 -0.991777 1.047761 1.047761 1.047761
775.082886 0.000000 1365.651001 0.000000 0.940131 0.000000 0.340814 0.761797 0.761797 0.761797
771.331238 0.000000 1363.753174 0.000000 0.861355 0.000000 0.508003 0.726566 0.726566 0.726566
767.367432 0.000000 1365.315552 0.000000 0.629768 0.000000 -0.776783 0.913704 0.913704 0.913704
779.323425 0.000000 1357.757080 0.000000 0.786716 0.000000 -0.617315 0.875742 0.875742 0.875742
775.359619 0.000000 1359.319458 0.000000 0.988724 0.000000 -0.149752 0.821616 0.821616 0.821616
782.078369 0.000000 1362.671875 0.000000 0.997719 0.000000 -0.067500 0.803913 0.803913 0.803913
784.656311 0.000000 1350.522461 0.000000 0.093356 0.000000 -0.995633 0.891466 0.891466 0.891466
775.082886 0.000000 1371.647095 0.000000 0.778079 0.000000 -0.628167 0.856974 0.856974 0.856974
771.331238 0.000000 1369.749268 0.000000 0.929694 0.000000 0.368333 0.758564 0.758564 0.758564
774.086182 0.000000 1374.664062 0.000000 0.687207 0.000000 -0.726461 0.847098 0.847098 0.847098
768.671936 0.000000 1374.506836 0.000000 0.722828 0.000000 0.691028 0.740575 0.740575 0.740575
782.078369 0.000000 1368.667969 0.000000 0.598439 0.000000 0.801168 0.757314 0.757314 0.757314
776.664124 0.000000 1368.510742 0.000000 0.477846 0.000000 -0.878444 0.887831 0.887831 0.887831
777.860718 0.000000 1378.638794 0.000000 0.894803 0.000000 0.446462 0.787984 0.787984 0.787984
785.852905 0.000000 1372.642700 0.000000 0.969843 0.000000 0.243731 0.794099 0.794099 0.794099
"}
