object={
	name="tree_leaf_high_generator_3_0"
	render_pass=Map
	clamp_to_water_level=no
	generated_content=yes
	layer="tree_high_layer"
	pdxmesh="tree_leaf_01_c_mesh"
	count=787
	transform="458.173187 0.000000 826.998169 0.000000 0.538691 0.000000 0.842503 0.733965 0.733965 0.733965
462.390900 0.000000 823.023438 0.000000 0.588997 0.000000 0.808135 0.753204 0.753204 0.753204
454.398712 0.000000 835.015625 0.000000 0.945356 0.000000 -0.326040 0.815919 0.815919 0.815919
458.173187 0.000000 832.994263 0.000000 0.712021 0.000000 -0.702159 0.891883 0.891883 0.891883
456.976624 0.000000 828.862244 0.000000 0.000977 0.000000 1.000000 0.715347 0.715347 0.715347
458.173187 0.000000 838.990356 0.000000 0.683812 0.000000 0.729658 0.725518 0.725518 0.725518
456.976624 0.000000 834.858337 0.000000 0.916988 0.000000 0.398914 0.768530 0.768530 0.768530
466.165375 0.000000 821.002075 0.000000 0.177817 0.000000 -0.984064 0.854214 0.854214 0.854214
466.165375 0.000000 826.998169 0.000000 0.968898 0.000000 0.247462 0.762093 0.762093 0.762093
464.968811 0.000000 822.866150 0.000000 0.013001 0.000000 0.999915 0.701994 0.701994 0.701994
474.157562 0.000000 821.002075 0.000000 0.382378 0.000000 0.924006 0.767520 0.767520 0.767520
474.157562 0.000000 826.998169 0.000000 0.652827 0.000000 -0.757507 0.872097 0.872097 0.872097
472.960999 0.000000 822.866150 0.000000 0.440013 0.000000 0.897991 0.736522 0.736522 0.736522
466.165375 0.000000 832.994263 0.000000 0.327711 0.000000 -0.944778 0.988987 0.988987 0.988987
466.165375 0.000000 838.990356 0.000000 0.763888 0.000000 -0.645348 0.907178 0.907178 0.907178
474.157562 0.000000 832.994263 0.000000 0.288405 0.000000 0.957509 0.640696 0.640696 0.640696
478.375275 0.000000 829.019531 0.000000 0.989345 0.000000 0.145590 0.793084 0.793084 0.793084
474.157562 0.000000 838.990356 0.000000 0.722377 0.000000 -0.691499 0.862221 0.862221 0.862221
478.375275 0.000000 835.015625 0.000000 0.968909 0.000000 0.247418 0.788915 0.788915 0.788915
454.398712 0.000000 841.011719 0.000000 0.955233 0.000000 0.295854 0.790102 0.790102 0.790102
458.173187 0.000000 844.986450 0.000000 0.077688 0.000000 0.996978 0.748114 0.748114 0.748114
462.390900 0.000000 841.011719 0.000000 0.242832 0.000000 -0.970068 0.952488 0.952488 0.952488
456.976624 0.000000 840.854431 0.000000 0.486972 0.000000 -0.873418 0.854733 0.854733 0.854733
463.387573 0.000000 843.990784 0.000000 0.975895 0.000000 -0.218243 0.817401 0.817401 0.817401
462.390900 0.000000 847.007812 0.000000 0.331280 0.000000 0.943532 0.764535 0.764535 0.764535
466.165375 0.000000 844.986450 0.000000 0.953804 0.000000 -0.300429 0.816089 0.816089 0.816089
470.383087 0.000000 841.011719 0.000000 0.055466 0.000000 0.998461 0.640205 0.640205 0.640205
471.379761 0.000000 843.990784 0.000000 0.782937 0.000000 -0.622101 0.846667 0.846667 0.846667
472.960999 0.000000 840.854431 0.000000 0.429493 0.000000 -0.903070 0.893176 0.893176 0.893176
538.095093 0.000000 1102.818481 0.000000 0.232502 0.000000 -0.972596 0.833624 0.833624 0.833624
546.087280 0.000000 1102.818481 0.000000 0.856538 0.000000 0.516083 0.781155 0.781155 0.781155
554.079468 0.000000 1102.818481 0.000000 0.671707 0.000000 0.740817 0.779005 0.779005 0.779005
530.102905 0.000000 1114.810669 0.000000 0.781272 0.000000 -0.624191 0.811713 0.811713 0.811713
534.320557 0.000000 1110.835938 0.000000 0.367018 0.000000 -0.930214 0.835084 0.835084 0.835084
538.095093 0.000000 1108.814575 0.000000 0.995408 0.000000 0.095724 0.796209 0.796209 0.796209
542.312744 0.000000 1104.839844 0.000000 0.886087 0.000000 0.463520 0.781518 0.781518 0.781518
542.312744 0.000000 1110.835938 0.000000 0.820668 0.000000 -0.571406 0.833527 0.833527 0.833527
543.309448 0.000000 1113.815063 0.000000 0.159530 0.000000 0.987193 0.717172 0.717172 0.717172
534.320557 0.000000 1116.832031 0.000000 0.879269 0.000000 -0.476326 0.814576 0.814576 0.814576
538.095093 0.000000 1120.806763 0.000000 0.994081 0.000000 -0.108638 0.803783 0.803783 0.803783
542.312744 0.000000 1116.832031 0.000000 0.948605 0.000000 -0.316464 0.817750 0.817750 0.817750
538.095093 0.000000 1126.802856 0.000000 0.519953 0.000000 0.854195 0.781593 0.781593 0.781593
542.312744 0.000000 1122.828125 0.000000 0.977013 0.000000 0.213180 0.791891 0.791891 0.791891
546.087280 0.000000 1108.814575 0.000000 0.697201 0.000000 -0.716876 0.844540 0.844540 0.844540
550.304932 0.000000 1104.839844 0.000000 0.244858 0.000000 0.969559 0.749251 0.749251 0.749251
544.890686 0.000000 1104.682617 0.000000 0.264303 0.000000 0.964440 0.746117 0.746117 0.746117
546.087280 0.000000 1114.810669 0.000000 0.688473 0.000000 0.725262 0.748465 0.748465 0.748465
550.304932 0.000000 1110.835938 0.000000 0.999392 0.000000 -0.034864 0.801922 0.801922 0.801922
544.890686 0.000000 1110.678711 0.000000 0.975139 0.000000 0.221595 0.786745 0.786745 0.786745
551.301636 0.000000 1113.815063 0.000000 0.482045 0.000000 -0.876146 0.860141 0.860141 0.860141
554.079468 0.000000 1108.814575 0.000000 0.981486 0.000000 -0.191535 0.807621 0.807621 0.807621
554.079468 0.000000 1114.810669 0.000000 0.844301 0.000000 0.535870 0.775941 0.775941 0.775941
558.297119 0.000000 1110.835938 0.000000 0.728211 0.000000 0.685353 0.779188 0.779188 0.779188
552.882874 0.000000 1110.678711 0.000000 0.807571 0.000000 0.589770 0.769387 0.769387 0.769387
546.087280 0.000000 1120.806763 0.000000 0.594814 0.000000 -0.803864 0.843640 0.843640 0.843640
550.304932 0.000000 1116.832031 0.000000 0.057278 0.000000 0.998358 0.721105 0.721105 0.721105
544.890686 0.000000 1116.674805 0.000000 0.881133 0.000000 0.472868 0.771079 0.771079 0.771079
546.087280 0.000000 1126.802856 0.000000 0.915503 0.000000 -0.402311 0.810419 0.810419 0.810419
550.304932 0.000000 1122.828125 0.000000 0.480549 0.000000 0.876968 0.764114 0.764114 0.764114
554.079468 0.000000 1120.806763 0.000000 0.380422 0.000000 0.924813 0.762511 0.762511 0.762511
552.882874 0.000000 1116.674805 0.000000 0.460478 0.000000 -0.887671 0.850393 0.850393 0.850393
554.079468 0.000000 1126.802856 0.000000 0.610760 0.000000 -0.791816 0.813140 0.813140 0.813140
649.985718 0.000000 1114.810669 0.000000 0.847380 0.000000 0.530988 0.789603 0.789603 0.789603
649.985718 0.000000 1120.806763 0.000000 0.104457 0.000000 0.994529 0.768375 0.768375 0.768375
654.203369 0.000000 1116.832031 0.000000 0.568353 0.000000 0.822785 0.770472 0.770472 0.770472
649.985718 0.000000 1126.802856 0.000000 0.719970 0.000000 0.694005 0.782995 0.782995 0.782995
654.203369 0.000000 1122.828125 0.000000 0.496761 0.000000 -0.867887 0.835892 0.835892 0.835892
657.977905 0.000000 1108.814575 0.000000 0.652830 0.000000 -0.757504 0.816994 0.816994 0.816994
657.977905 0.000000 1114.810669 0.000000 0.768184 0.000000 -0.640229 0.822480 0.822480 0.822480
665.970093 0.000000 1108.814575 0.000000 0.831067 0.000000 0.556173 0.789045 0.789045 0.789045
657.977905 0.000000 1120.806763 0.000000 0.067805 0.000000 0.997699 0.747770 0.747770 0.747770
657.977905 0.000000 1126.802856 0.000000 0.933374 0.000000 -0.358904 0.813417 0.813417 0.813417
662.195557 0.000000 1122.828125 0.000000 0.947317 0.000000 0.320298 0.786911 0.786911 0.786911
665.970093 0.000000 1120.806763 0.000000 0.406156 0.000000 -0.913804 0.844888 0.844888 0.844888
665.970093 0.000000 1126.802856 0.000000 0.644150 0.000000 0.764899 0.760343 0.760343 0.760343
670.187744 0.000000 1122.828125 0.000000 0.262314 0.000000 0.964983 0.752289 0.752289 0.752289
649.985718 0.000000 1132.798950 0.000000 0.910182 0.000000 -0.414208 0.807677 0.807677 0.807677
654.203369 0.000000 1128.824219 0.000000 0.990537 0.000000 -0.137243 0.804537 0.804537 0.804537
657.977905 0.000000 1132.798950 0.000000 0.483324 0.000000 -0.875441 0.835780 0.835780 0.835780
662.195557 0.000000 1128.824219 0.000000 0.888086 0.000000 -0.459678 0.822036 0.822036 0.822036
657.977905 0.000000 1138.795044 0.000000 0.623639 0.000000 0.781713 0.778492 0.778492 0.778492
662.195557 0.000000 1134.820312 0.000000 0.962949 0.000000 -0.269685 0.812271 0.812271 0.812271
665.970093 0.000000 1132.798950 0.000000 0.995298 0.000000 0.096863 0.795175 0.795175 0.795175
670.187744 0.000000 1128.824219 0.000000 0.910923 0.000000 0.412577 0.779869 0.779869 0.779869
664.773499 0.000000 1128.666992 0.000000 0.272987 0.000000 0.962018 0.736408 0.736408 0.736408
665.970093 0.000000 1138.795044 0.000000 0.951626 0.000000 -0.307257 0.813286 0.813286 0.813286
670.187744 0.000000 1134.820312 0.000000 0.578960 0.000000 -0.815356 0.849696 0.849696 0.849696
664.773499 0.000000 1134.663086 0.000000 0.222578 0.000000 0.974915 0.736272 0.736272 0.736272
657.977905 0.000000 1144.791138 0.000000 0.995780 0.000000 -0.091775 0.801266 0.801266 0.801266
662.195557 0.000000 1140.816406 0.000000 0.432187 0.000000 -0.901784 0.839730 0.839730 0.839730
665.970093 0.000000 1144.791138 0.000000 0.995034 0.000000 -0.099539 0.803047 0.803047 0.803047
670.187744 0.000000 1140.816406 0.000000 0.121049 0.000000 -0.992647 0.872951 0.872951 0.872951
665.970093 0.000000 1150.787231 0.000000 0.986466 0.000000 0.163964 0.797730 0.797730 0.797730
670.187744 0.000000 1146.812500 0.000000 0.922939 0.000000 -0.384946 0.813022 0.813022 0.813022
673.962280 0.000000 1120.806763 0.000000 0.359248 0.000000 0.933242 0.763950 0.763950 0.763950
673.962280 0.000000 1126.802856 0.000000 0.067317 0.000000 0.997732 0.737844 0.737844 0.737844
681.954468 0.000000 1120.806763 0.000000 0.977459 0.000000 -0.211126 0.803059 0.803059 0.803059
681.954468 0.000000 1126.802856 0.000000 0.902639 0.000000 0.430399 0.788537 0.788537 0.788537
673.962280 0.000000 1132.798950 0.000000 0.176214 0.000000 -0.984352 0.870143 0.870143 0.870143
678.179932 0.000000 1128.824219 0.000000 0.303803 0.000000 0.952735 0.755383 0.755383 0.755383
672.765686 0.000000 1128.666992 0.000000 0.222679 0.000000 -0.974892 0.860497 0.860497 0.860497
673.962280 0.000000 1138.795044 0.000000 0.837433 0.000000 -0.546540 0.830488 0.830488 0.830488
678.179932 0.000000 1134.820312 0.000000 0.885605 0.000000 0.464440 0.778295 0.778295 0.778295
672.765686 0.000000 1134.663086 0.000000 0.992482 0.000000 -0.122393 0.806176 0.806176 0.806176
681.954468 0.000000 1132.798950 0.000000 0.979237 0.000000 -0.202720 0.807950 0.807950 0.807950
681.954468 0.000000 1138.795044 0.000000 0.365215 0.000000 0.930923 0.750515 0.750515 0.750515
686.172119 0.000000 1134.820312 0.000000 0.928006 0.000000 -0.372565 0.810522 0.810522 0.810522
680.757874 0.000000 1134.663086 0.000000 0.850301 0.000000 0.526297 0.777086 0.777086 0.777086
672.765686 0.000000 1140.659180 0.000000 0.700295 0.000000 -0.713853 0.841441 0.841441 0.841441
673.962280 0.000000 1150.787231 0.000000 0.937555 0.000000 0.347836 0.791911 0.791911 0.791911
678.179932 0.000000 1146.812500 0.000000 0.997367 0.000000 0.072515 0.797739 0.797739 0.797739
686.172119 0.000000 1140.816406 0.000000 0.900668 0.000000 0.434507 0.787611 0.787611 0.787611
681.954468 0.000000 1150.787231 0.000000 0.847759 0.000000 -0.530382 0.811724 0.811724 0.811724
689.946655 0.000000 1132.798950 0.000000 0.228417 0.000000 -0.973563 0.828108 0.828108 0.828108
689.946655 0.000000 1144.791138 0.000000 0.915743 0.000000 -0.401764 0.807679 0.807679 0.807679
634.001343 0.000000 1342.662231 0.000000 0.826619 0.000000 0.562761 0.791405 0.791405 0.791405
697.938843 0.000000 1222.740356 0.000000 0.179826 0.000000 0.983698 0.768352 0.768352 0.768352
681.954468 0.000000 1240.728638 0.000000 0.750918 0.000000 0.660396 0.785305 0.785305 0.785305
686.172119 0.000000 1236.753906 0.000000 0.620353 0.000000 0.784323 0.761105 0.761105 0.761105
681.954468 0.000000 1246.724731 0.000000 0.917314 0.000000 -0.398164 0.808588 0.808588 0.808588
694.164307 0.000000 1230.757812 0.000000 0.992008 0.000000 -0.126174 0.806898 0.806898 0.806898
695.161011 0.000000 1233.736938 0.000000 0.998037 0.000000 -0.062628 0.803905 0.803905 0.803905
697.938843 0.000000 1228.736450 0.000000 0.232076 0.000000 -0.972698 0.867271 0.867271 0.867271
702.156494 0.000000 1224.761719 0.000000 0.042192 0.000000 -0.999110 0.858617 0.858617 0.858617
702.156494 0.000000 1230.757812 0.000000 0.902957 0.000000 0.429731 0.769393 0.769393 0.769393
696.742249 0.000000 1230.600586 0.000000 0.853796 0.000000 0.520608 0.767848 0.767848 0.767848
703.153198 0.000000 1233.736938 0.000000 0.919153 0.000000 0.393900 0.768464 0.768464 0.768464
688.750061 0.000000 1236.596680 0.000000 0.975287 0.000000 0.220942 0.787853 0.787853 0.787853
695.161011 0.000000 1239.733032 0.000000 0.106486 0.000000 -0.994314 0.922815 0.922815 0.922815
688.750061 0.000000 1242.592773 0.000000 0.147550 0.000000 -0.989055 0.892917 0.892917 0.892917
691.409363 0.000000 1243.831299 0.000000 0.991021 0.000000 -0.133709 0.810125 0.810125 0.810125
696.742249 0.000000 1236.596680 0.000000 0.999961 0.000000 -0.008791 0.800722 0.800722 0.800722
703.153198 0.000000 1239.733032 0.000000 0.981479 0.000000 0.191572 0.782444 0.782444 0.782444
699.401550 0.000000 1237.835205 0.000000 0.824431 0.000000 0.565962 0.749175 0.749175 0.749175
697.938843 0.000000 1246.724731 0.000000 0.494712 0.000000 0.869057 0.698392 0.698392 0.698392
696.742249 0.000000 1242.592773 0.000000 0.993404 0.000000 0.114669 0.789052 0.789052 0.789052
703.153198 0.000000 1245.729126 0.000000 0.997746 0.000000 0.067104 0.793482 0.793482 0.793482
705.931030 0.000000 1222.740356 0.000000 0.878714 0.000000 0.477348 0.785390 0.785390 0.785390
713.923218 0.000000 1222.740356 0.000000 0.863230 0.000000 -0.504810 0.813316 0.813316 0.813316
721.915405 0.000000 1222.740356 0.000000 0.988761 0.000000 0.149507 0.797842 0.797842 0.797842
705.931030 0.000000 1228.736450 0.000000 0.844958 0.000000 0.534833 0.766864 0.766864 0.766864
710.148682 0.000000 1224.761719 0.000000 0.826881 0.000000 0.562377 0.779960 0.779960 0.779960
710.148682 0.000000 1230.757812 0.000000 0.141495 0.000000 -0.989939 0.878762 0.878762 0.878762
704.734436 0.000000 1230.600586 0.000000 0.005391 0.000000 0.999985 0.693074 0.693074 0.693074
711.145386 0.000000 1233.736938 0.000000 0.158232 0.000000 0.987402 0.715403 0.715403 0.715403
713.923218 0.000000 1228.736450 0.000000 0.821223 0.000000 0.570607 0.773076 0.773076 0.773076
713.923218 0.000000 1234.732544 0.000000 0.456269 0.000000 -0.889842 0.861785 0.861785 0.861785
718.140869 0.000000 1230.757812 0.000000 0.895969 0.000000 -0.444116 0.813787 0.813787 0.813787
712.726624 0.000000 1230.600586 0.000000 0.999988 0.000000 0.004793 0.799762 0.799762 0.799762
710.148682 0.000000 1236.753906 0.000000 0.271544 0.000000 0.962426 0.715372 0.715372 0.715372
704.734436 0.000000 1236.596680 0.000000 0.191685 0.000000 -0.981457 0.916411 0.916411 0.916411
711.145386 0.000000 1239.733032 0.000000 0.976847 0.000000 0.213940 0.785402 0.785402 0.785402
707.393738 0.000000 1237.835205 0.000000 0.395884 0.000000 -0.918300 0.892043 0.892043 0.892043
710.148682 0.000000 1242.750000 0.000000 0.010301 0.000000 0.999947 0.691539 0.691539 0.691539
711.145386 0.000000 1245.729126 0.000000 0.559561 0.000000 0.828789 0.732684 0.732684 0.732684
707.393738 0.000000 1243.831299 0.000000 0.954825 0.000000 0.297169 0.775052 0.775052 0.775052
718.140869 0.000000 1236.753906 0.000000 0.728730 0.000000 -0.684802 0.829830 0.829830 0.829830
712.726624 0.000000 1236.596680 0.000000 0.774535 0.000000 -0.632531 0.840622 0.840622 0.840622
718.140869 0.000000 1242.750000 0.000000 0.939824 0.000000 -0.341659 0.815251 0.815251 0.815251
712.726624 0.000000 1242.592773 0.000000 0.513673 0.000000 0.857986 0.735116 0.735116 0.735116
721.915405 0.000000 1228.736450 0.000000 0.529284 0.000000 0.848445 0.776935 0.776935 0.776935
721.915405 0.000000 1234.732544 0.000000 0.894240 0.000000 -0.447587 0.814181 0.814181 0.814181
721.915405 0.000000 1240.728638 0.000000 0.078039 0.000000 -0.996950 0.850979 0.850979 0.850979
721.915405 0.000000 1246.724731 0.000000 0.460032 0.000000 0.887902 0.759405 0.759405 0.759405
729.907593 0.000000 1240.728638 0.000000 0.070815 0.000000 0.997489 0.773937 0.773937 0.773937
729.907593 0.000000 1246.724731 0.000000 0.979256 0.000000 -0.202627 0.804157 0.804157 0.804157
681.954468 0.000000 1252.720825 0.000000 0.791441 0.000000 0.611245 0.789361 0.789361 0.789361
681.954468 0.000000 1258.716919 0.000000 0.981937 0.000000 -0.189210 0.802965 0.802965 0.802965
681.954468 0.000000 1264.713013 0.000000 0.716352 0.000000 0.697739 0.784731 0.784731 0.784731
686.172119 0.000000 1260.738281 0.000000 0.406145 0.000000 0.913809 0.759946 0.759946 0.759946
681.954468 0.000000 1270.709106 0.000000 0.792692 0.000000 -0.609622 0.814534 0.814534 0.814534
686.172119 0.000000 1266.734375 0.000000 0.165343 0.000000 0.986236 0.742768 0.742768 0.742768
694.164307 0.000000 1248.746094 0.000000 0.774087 0.000000 -0.633080 0.861201 0.861201 0.861201
691.409363 0.000000 1249.827393 0.000000 0.678710 0.000000 0.734407 0.741191 0.741191 0.741191
688.750061 0.000000 1254.584961 0.000000 0.834305 0.000000 -0.551303 0.829039 0.829039 0.829039
695.161011 0.000000 1257.721313 0.000000 0.324215 0.000000 -0.945984 0.894404 0.894404 0.894404
702.156494 0.000000 1248.746094 0.000000 0.664837 0.000000 -0.746989 0.879855 0.879855 0.879855
696.742249 0.000000 1248.588867 0.000000 0.681154 0.000000 0.732140 0.721741 0.721741 0.721741
703.153198 0.000000 1257.721313 0.000000 0.026986 0.000000 0.999636 0.678824 0.678824 0.678824
699.401550 0.000000 1255.823486 0.000000 0.565369 0.000000 0.824838 0.717477 0.717477 0.717477
689.946655 0.000000 1264.713013 0.000000 0.504335 0.000000 0.863508 0.751918 0.751918 0.751918
694.164307 0.000000 1260.738281 0.000000 0.250737 0.000000 0.968055 0.710807 0.710807 0.710807
688.750061 0.000000 1260.581055 0.000000 0.150738 0.000000 -0.988574 0.859536 0.859536 0.859536
695.161011 0.000000 1263.717407 0.000000 0.120400 0.000000 -0.992725 0.894706 0.894706 0.894706
689.946655 0.000000 1270.709106 0.000000 0.867073 0.000000 0.498182 0.775940 0.775940 0.775940
694.164307 0.000000 1266.734375 0.000000 0.998439 0.000000 0.055844 0.796418 0.796418 0.796418
688.750061 0.000000 1266.577148 0.000000 0.941876 0.000000 0.335961 0.783987 0.783987 0.783987
695.161011 0.000000 1269.713501 0.000000 0.961891 0.000000 0.273435 0.782575 0.782575 0.782575
697.938843 0.000000 1264.713013 0.000000 0.592174 0.000000 0.805810 0.735433 0.735433 0.735433
702.156494 0.000000 1260.738281 0.000000 0.968024 0.000000 -0.250858 0.819143 0.819143 0.819143
696.742249 0.000000 1260.581055 0.000000 0.894181 0.000000 0.447705 0.766068 0.766068 0.766068
703.153198 0.000000 1263.717407 0.000000 0.955097 0.000000 -0.296292 0.822169 0.822169 0.822169
699.401550 0.000000 1261.819580 0.000000 0.865711 0.000000 -0.500544 0.839263 0.839263 0.839263
697.938843 0.000000 1270.709106 0.000000 0.796183 0.000000 -0.605056 0.842441 0.842441 0.842441
702.156494 0.000000 1266.734375 0.000000 0.716416 0.000000 -0.697673 0.852742 0.852742 0.852742
696.742249 0.000000 1266.577148 0.000000 0.503440 0.000000 -0.864030 0.870633 0.870633 0.870633
703.153198 0.000000 1269.713501 0.000000 0.334267 0.000000 -0.942478 0.882540 0.882540 0.882540
699.401550 0.000000 1267.815674 0.000000 0.989068 0.000000 0.147460 0.789891 0.789891 0.789891
681.954468 0.000000 1276.705200 0.000000 0.142394 0.000000 0.989810 0.764066 0.764066 0.764066
686.172119 0.000000 1272.730469 0.000000 0.904558 0.000000 -0.426350 0.818474 0.818474 0.818474
681.954468 0.000000 1282.701294 0.000000 0.362139 0.000000 0.932124 0.774830 0.774830 0.774830
686.172119 0.000000 1278.726562 0.000000 0.999852 0.000000 0.017227 0.799339 0.799339 0.799339
673.962280 0.000000 1288.697388 0.000000 0.975667 0.000000 0.219257 0.796954 0.796954 0.796954
673.962280 0.000000 1294.693481 0.000000 0.988621 0.000000 -0.150425 0.803528 0.803528 0.803528
681.954468 0.000000 1288.697388 0.000000 0.307347 0.000000 0.951598 0.775118 0.775118 0.775118
686.172119 0.000000 1284.722656 0.000000 0.960474 0.000000 -0.278371 0.809296 0.809296 0.809296
681.954468 0.000000 1294.693481 0.000000 0.719232 0.000000 0.694770 0.778830 0.778830 0.778830
686.172119 0.000000 1290.718750 0.000000 0.831752 0.000000 0.555147 0.782016 0.782016 0.782016
689.946655 0.000000 1276.705200 0.000000 0.991328 0.000000 0.131408 0.793920 0.793920 0.793920
694.164307 0.000000 1272.730469 0.000000 0.220793 0.000000 0.975321 0.718414 0.718414 0.718414
688.750061 0.000000 1272.573242 0.000000 0.818007 0.000000 0.575209 0.770991 0.770991 0.770991
695.161011 0.000000 1275.709595 0.000000 0.681241 0.000000 0.732059 0.753248 0.753248 0.753248
689.946655 0.000000 1282.701294 0.000000 0.470992 0.000000 0.882137 0.758571 0.758571 0.758571
694.164307 0.000000 1278.726562 0.000000 0.925526 0.000000 -0.378683 0.821641 0.821641 0.821641
688.750061 0.000000 1278.569336 0.000000 0.462403 0.000000 0.886670 0.752973 0.752973 0.752973
697.938843 0.000000 1276.705200 0.000000 0.965886 0.000000 -0.258969 0.815382 0.815382 0.815382
702.156494 0.000000 1272.730469 0.000000 0.888443 0.000000 -0.458988 0.829429 0.829429 0.829429
696.742249 0.000000 1272.573242 0.000000 0.718634 0.000000 -0.695388 0.848378 0.848378 0.848378
703.153198 0.000000 1275.709595 0.000000 0.974791 0.000000 -0.223120 0.813617 0.813617 0.813617
697.938843 0.000000 1282.701294 0.000000 0.668286 0.000000 0.743905 0.757778 0.757778 0.757778
702.156494 0.000000 1278.726562 0.000000 0.997578 0.000000 -0.069556 0.803921 0.803921 0.803921
696.742249 0.000000 1278.569336 0.000000 0.212290 0.000000 0.977207 0.722765 0.722765 0.722765
689.946655 0.000000 1288.697388 0.000000 0.122590 0.000000 0.992457 0.749683 0.749683 0.749683
694.164307 0.000000 1284.722656 0.000000 0.188644 0.000000 0.982046 0.736285 0.736285 0.736285
689.946655 0.000000 1294.693481 0.000000 0.449147 0.000000 -0.893458 0.834428 0.834428 0.834428
694.164307 0.000000 1290.718750 0.000000 0.671647 0.000000 0.740871 0.768005 0.768005 0.768005
697.938843 0.000000 1288.697388 0.000000 0.027633 0.000000 0.999618 0.733428 0.733428 0.733428
696.742249 0.000000 1284.565430 0.000000 0.945942 0.000000 -0.324337 0.815833 0.815833 0.815833
702.156494 0.000000 1290.718750 0.000000 0.314685 0.000000 -0.949196 0.853205 0.853205 0.853205
657.977905 0.000000 1306.685669 0.000000 0.349184 0.000000 -0.937054 0.817459 0.817459 0.817459
665.970093 0.000000 1300.689575 0.000000 0.583198 0.000000 0.812330 0.775004 0.775004 0.775004
670.187744 0.000000 1296.714844 0.000000 0.981801 0.000000 -0.189914 0.805495 0.805495 0.805495
665.970093 0.000000 1306.685669 0.000000 0.922491 0.000000 0.386018 0.785040 0.785040 0.785040
670.187744 0.000000 1302.710938 0.000000 0.962906 0.000000 -0.269836 0.811787 0.811787 0.811787
657.977905 0.000000 1312.681763 0.000000 0.158220 0.000000 0.987404 0.777159 0.777159 0.777159
662.195557 0.000000 1308.707031 0.000000 0.255507 0.000000 0.966807 0.756750 0.756750 0.756750
662.195557 0.000000 1314.703125 0.000000 0.822553 0.000000 0.568689 0.781153 0.781153 0.781153
665.970093 0.000000 1312.681763 0.000000 0.747122 0.000000 0.664687 0.770376 0.770376 0.770376
670.187744 0.000000 1308.707031 0.000000 0.977474 0.000000 0.211054 0.788405 0.788405 0.788405
671.184448 0.000000 1311.686157 0.000000 0.271270 0.000000 -0.962503 0.872998 0.872998 0.872998
665.970093 0.000000 1318.677856 0.000000 0.884952 0.000000 0.465683 0.784327 0.784327 0.784327
670.187744 0.000000 1314.703125 0.000000 0.003108 0.000000 0.999995 0.717340 0.717340 0.717340
641.993530 0.000000 1330.670044 0.000000 0.564189 0.000000 -0.825646 0.814550 0.814550 0.814550
649.985718 0.000000 1330.670044 0.000000 0.998679 0.000000 0.051383 0.799014 0.799014 0.799014
641.993530 0.000000 1336.666138 0.000000 0.945970 0.000000 0.324253 0.792481 0.792481 0.792481
641.993530 0.000000 1342.662231 0.000000 0.874668 0.000000 0.484722 0.787265 0.787265 0.787265
646.211182 0.000000 1338.687500 0.000000 0.959799 0.000000 -0.280689 0.810228 0.810228 0.810228
654.203369 0.000000 1332.691406 0.000000 0.536802 0.000000 -0.843708 0.831888 0.831888 0.831888
649.985718 0.000000 1342.662231 0.000000 0.270735 0.000000 0.962654 0.744839 0.744839 0.744839
655.200073 0.000000 1341.666626 0.000000 0.993190 0.000000 0.116507 0.792863 0.792863 0.792863
657.977905 0.000000 1330.670044 0.000000 0.827235 0.000000 -0.561857 0.815372 0.815372 0.815372
665.970093 0.000000 1324.673950 0.000000 0.914966 0.000000 -0.403532 0.810204 0.810204 0.810204
670.187744 0.000000 1320.699219 0.000000 0.388466 0.000000 0.921463 0.750851 0.750851 0.750851
665.970093 0.000000 1330.670044 0.000000 0.983477 0.000000 -0.181031 0.806435 0.806435 0.806435
670.187744 0.000000 1326.695312 0.000000 0.978476 0.000000 -0.206360 0.807846 0.807846 0.807846
662.195557 0.000000 1332.691406 0.000000 0.866058 0.000000 0.499943 0.778356 0.778356 0.778356
656.781311 0.000000 1338.530273 0.000000 0.710767 0.000000 -0.703427 0.845813 0.845813 0.845813
663.192261 0.000000 1341.666626 0.000000 0.892211 0.000000 0.451618 0.765747 0.765747 0.765747
670.187744 0.000000 1332.691406 0.000000 0.985837 0.000000 -0.167706 0.807774 0.807774 0.807774
671.184448 0.000000 1335.670532 0.000000 0.378378 0.000000 0.925651 0.733385 0.733385 0.733385
665.970093 0.000000 1342.662231 0.000000 0.426598 0.000000 0.904441 0.708591 0.708591 0.708591
670.187744 0.000000 1338.687500 0.000000 0.996959 0.000000 -0.077925 0.805468 0.805468 0.805468
664.773499 0.000000 1338.530273 0.000000 0.677723 0.000000 0.735317 0.742580 0.742580 0.742580
671.184448 0.000000 1341.666626 0.000000 0.067046 0.000000 -0.997750 0.908117 0.908117 0.908117
667.432800 0.000000 1339.768799 0.000000 0.203999 0.000000 0.978971 0.703466 0.703466 0.703466
673.962280 0.000000 1300.689575 0.000000 0.277827 0.000000 0.960631 0.746698 0.746698 0.746698
678.179932 0.000000 1296.714844 0.000000 0.997901 0.000000 0.064753 0.797903 0.797903 0.797903
673.962280 0.000000 1306.685669 0.000000 0.596509 0.000000 -0.802606 0.850240 0.850240 0.850240
678.179932 0.000000 1302.710938 0.000000 0.994204 0.000000 0.107507 0.794643 0.794643 0.794643
672.765686 0.000000 1302.553711 0.000000 0.173803 0.000000 -0.984780 0.863575 0.863575 0.863575
681.954468 0.000000 1300.689575 0.000000 0.985421 0.000000 -0.170135 0.807376 0.807376 0.807376
686.172119 0.000000 1296.714844 0.000000 0.785233 0.000000 -0.619200 0.821204 0.821204 0.821204
681.954468 0.000000 1306.685669 0.000000 0.817942 0.000000 -0.575300 0.833422 0.833422 0.833422
686.172119 0.000000 1302.710938 0.000000 0.974913 0.000000 -0.222585 0.809280 0.809280 0.809280
680.757874 0.000000 1302.553711 0.000000 0.712349 0.000000 0.701825 0.762244 0.762244 0.762244
673.962280 0.000000 1312.681763 0.000000 0.982626 0.000000 0.185596 0.789262 0.789262 0.789262
678.179932 0.000000 1308.707031 0.000000 0.999735 0.000000 0.023016 0.798635 0.798635 0.798635
672.765686 0.000000 1308.549805 0.000000 0.308235 0.000000 0.951310 0.727670 0.727670 0.727670
679.176636 0.000000 1311.686157 0.000000 0.969282 0.000000 0.245951 0.784962 0.784962 0.784962
673.962280 0.000000 1318.677856 0.000000 0.462329 0.000000 0.886708 0.748397 0.748397 0.748397
678.179932 0.000000 1314.703125 0.000000 0.153818 0.000000 -0.988099 0.882319 0.882319 0.882319
672.765686 0.000000 1314.545898 0.000000 0.133240 0.000000 0.991084 0.719917 0.719917 0.719917
681.954468 0.000000 1312.681763 0.000000 0.549468 0.000000 -0.835515 0.856892 0.856892 0.856892
686.172119 0.000000 1308.707031 0.000000 0.507976 0.000000 0.861371 0.752112 0.752112 0.752112
680.757874 0.000000 1308.549805 0.000000 0.939807 0.000000 0.341706 0.780150 0.780150 0.780150
681.954468 0.000000 1318.677856 0.000000 0.840693 0.000000 -0.541512 0.828801 0.828801 0.828801
686.172119 0.000000 1314.703125 0.000000 0.397405 0.000000 0.917643 0.749866 0.749866 0.749866
680.757874 0.000000 1314.545898 0.000000 0.970494 0.000000 -0.241126 0.813716 0.813716 0.813716
689.946655 0.000000 1300.689575 0.000000 0.988064 0.000000 0.154042 0.794069 0.794069 0.794069
694.164307 0.000000 1296.714844 0.000000 0.909055 0.000000 -0.416676 0.813648 0.813648 0.813648
689.946655 0.000000 1306.685669 0.000000 0.982139 0.000000 -0.188159 0.808279 0.808279 0.808279
694.164307 0.000000 1302.710938 0.000000 0.976699 0.000000 -0.214614 0.808554 0.808554 0.808554
702.156494 0.000000 1296.714844 0.000000 0.411141 0.000000 -0.911572 0.843300 0.843300 0.843300
702.156494 0.000000 1302.710938 0.000000 0.889051 0.000000 -0.457808 0.819090 0.819090 0.819090
689.946655 0.000000 1312.681763 0.000000 0.750458 0.000000 0.660918 0.768418 0.768418 0.768418
694.164307 0.000000 1308.707031 0.000000 0.999716 0.000000 -0.023834 0.801000 0.801000 0.801000
688.750061 0.000000 1308.549805 0.000000 0.315179 0.000000 -0.949032 0.856928 0.856928 0.856928
689.946655 0.000000 1318.677856 0.000000 0.785723 0.000000 0.618579 0.772427 0.772427 0.772427
694.164307 0.000000 1314.703125 0.000000 0.862976 0.000000 -0.505245 0.821581 0.821581 0.821581
688.750061 0.000000 1314.545898 0.000000 0.153760 0.000000 0.988108 0.740592 0.740592 0.740592
702.156494 0.000000 1308.707031 0.000000 0.937090 0.000000 0.349088 0.784616 0.784616 0.784616
696.742249 0.000000 1308.549805 0.000000 0.197779 0.000000 -0.980247 0.856710 0.856710 0.856710
697.938843 0.000000 1318.677856 0.000000 0.080950 0.000000 -0.996718 0.863376 0.863376 0.863376
702.156494 0.000000 1314.703125 0.000000 0.380705 0.000000 -0.924697 0.857280 0.857280 0.857280
678.179932 0.000000 1320.699219 0.000000 0.901192 0.000000 0.433421 0.776363 0.776363 0.776363
672.765686 0.000000 1320.541992 0.000000 0.655226 0.000000 0.755433 0.761519 0.761519 0.761519
678.179932 0.000000 1326.695312 0.000000 0.254123 0.000000 -0.967172 0.869276 0.869276 0.869276
672.765686 0.000000 1326.538086 0.000000 0.918335 0.000000 -0.395803 0.817312 0.817312 0.817312
681.954468 0.000000 1324.673950 0.000000 0.758624 0.000000 -0.651529 0.837415 0.837415 0.837415
686.172119 0.000000 1320.699219 0.000000 0.007726 0.000000 0.999970 0.734442 0.734442 0.734442
680.757874 0.000000 1320.541992 0.000000 0.857090 0.000000 -0.515167 0.827239 0.827239 0.827239
681.954468 0.000000 1330.670044 0.000000 0.847125 0.000000 -0.531394 0.831219 0.831219 0.831219
686.172119 0.000000 1326.695312 0.000000 0.963072 0.000000 -0.269244 0.813884 0.813884 0.813884
680.757874 0.000000 1326.538086 0.000000 0.309429 0.000000 -0.950922 0.866989 0.866989 0.866989
687.168823 0.000000 1329.674438 0.000000 0.632741 0.000000 -0.774364 0.848824 0.848824 0.848824
673.962280 0.000000 1336.666138 0.000000 0.835130 0.000000 0.550052 0.763358 0.763358 0.763358
678.179932 0.000000 1332.691406 0.000000 0.972854 0.000000 -0.231420 0.813013 0.813013 0.813013
672.765686 0.000000 1332.534180 0.000000 0.032485 0.000000 -0.999472 0.874658 0.874658 0.874658
679.176636 0.000000 1335.670532 0.000000 0.942231 0.000000 -0.334964 0.820466 0.820466 0.820466
673.962280 0.000000 1342.662231 0.000000 0.732597 0.000000 -0.680663 0.853830 0.853830 0.853830
678.179932 0.000000 1338.687500 0.000000 0.549554 0.000000 -0.835458 0.867552 0.867552 0.867552
672.765686 0.000000 1338.530273 0.000000 0.261890 0.000000 0.965098 0.711588 0.711588 0.711588
679.176636 0.000000 1341.666626 0.000000 0.385394 0.000000 -0.922752 0.881678 0.881678 0.881678
686.172119 0.000000 1332.691406 0.000000 0.956816 0.000000 -0.290695 0.818380 0.818380 0.818380
680.757874 0.000000 1332.534180 0.000000 0.455029 0.000000 -0.890477 0.864496 0.864496 0.864496
687.168823 0.000000 1335.670532 0.000000 0.877843 0.000000 -0.478948 0.832021 0.832021 0.832021
680.757874 0.000000 1338.530273 0.000000 0.903926 0.000000 0.427688 0.769549 0.769549 0.769549
687.168823 0.000000 1341.666626 0.000000 0.987876 0.000000 -0.155244 0.810460 0.810460 0.810460
683.417175 0.000000 1339.768799 0.000000 0.821005 0.000000 -0.570921 0.841504 0.841504 0.841504
689.946655 0.000000 1324.673950 0.000000 0.852487 0.000000 0.522748 0.774951 0.774951 0.774951
694.164307 0.000000 1320.699219 0.000000 0.488203 0.000000 -0.872730 0.844491 0.844491 0.844491
694.164307 0.000000 1326.695312 0.000000 0.910446 0.000000 0.413628 0.773938 0.773938 0.773938
688.750061 0.000000 1326.538086 0.000000 0.295024 0.000000 -0.955490 0.863986 0.863986 0.863986
695.161011 0.000000 1329.674438 0.000000 0.731931 0.000000 -0.681378 0.849408 0.849408 0.849408
697.938843 0.000000 1324.673950 0.000000 0.984066 0.000000 -0.177806 0.810175 0.810175 0.810175
696.742249 0.000000 1320.541992 0.000000 0.958935 0.000000 -0.283627 0.812578 0.812578 0.812578
703.153198 0.000000 1323.678345 0.000000 0.456826 0.000000 -0.889556 0.861093 0.861093 0.861093
696.742249 0.000000 1326.538086 0.000000 0.951132 0.000000 -0.308785 0.819937 0.819937 0.819937
703.153198 0.000000 1329.674438 0.000000 0.839160 0.000000 0.543885 0.760376 0.760376 0.760376
694.164307 0.000000 1332.691406 0.000000 0.623556 0.000000 -0.781779 0.863994 0.863994 0.863994
688.750061 0.000000 1332.534180 0.000000 0.948928 0.000000 0.315492 0.779806 0.779806 0.779806
695.161011 0.000000 1335.670532 0.000000 0.984289 0.000000 0.176566 0.787025 0.787025 0.787025
688.750061 0.000000 1338.530273 0.000000 0.793408 0.000000 -0.608691 0.845484 0.845484 0.845484
695.161011 0.000000 1341.666626 0.000000 0.548726 0.000000 0.836002 0.727635 0.727635 0.727635
691.409363 0.000000 1339.768799 0.000000 0.549114 0.000000 -0.835747 0.869366 0.869366 0.869366
702.156494 0.000000 1332.691406 0.000000 0.383938 0.000000 -0.923359 0.883903 0.883903 0.883903
696.742249 0.000000 1332.534180 0.000000 0.493606 0.000000 0.869685 0.724176 0.724176 0.724176
703.153198 0.000000 1335.670532 0.000000 0.732666 0.000000 -0.680588 0.853374 0.853374 0.853374
699.401550 0.000000 1333.772705 0.000000 0.806215 0.000000 0.591623 0.754103 0.754103 0.754103
702.156494 0.000000 1338.687500 0.000000 0.161774 0.000000 0.986828 0.702117 0.702117 0.702117
696.742249 0.000000 1338.530273 0.000000 0.216033 0.000000 -0.976386 0.900528 0.900528 0.900528
703.153198 0.000000 1341.666626 0.000000 0.988546 0.000000 -0.150921 0.810076 0.810076 0.810076
699.401550 0.000000 1339.768799 0.000000 0.945144 0.000000 0.326653 0.775476 0.775476 0.775476
711.145386 0.000000 1251.725220 0.000000 0.463295 0.000000 0.886204 0.724957 0.724957 0.724957
707.393738 0.000000 1249.827393 0.000000 0.984338 0.000000 0.176292 0.785240 0.785240 0.785240
710.148682 0.000000 1254.742188 0.000000 0.908386 0.000000 -0.418133 0.829466 0.829466 0.829466
704.734436 0.000000 1254.584961 0.000000 0.288886 0.000000 -0.957363 0.901057 0.901057 0.901057
711.145386 0.000000 1257.721313 0.000000 0.977553 0.000000 0.210689 0.785627 0.785627 0.785627
707.393738 0.000000 1255.823486 0.000000 0.473517 0.000000 -0.880785 0.882639 0.882639 0.882639
718.140869 0.000000 1248.746094 0.000000 0.998140 0.000000 -0.060961 0.802741 0.802741 0.802741
712.726624 0.000000 1248.588867 0.000000 0.783315 0.000000 -0.621625 0.840997 0.840997 0.840997
713.923218 0.000000 1258.716919 0.000000 0.998973 0.000000 0.045301 0.797230 0.797230 0.797230
718.140869 0.000000 1254.742188 0.000000 0.515229 0.000000 -0.857053 0.849349 0.849349 0.849349
712.726624 0.000000 1254.584961 0.000000 0.336115 0.000000 -0.941821 0.875786 0.875786 0.875786
705.931030 0.000000 1264.713013 0.000000 0.168413 0.000000 0.985717 0.703425 0.703425 0.703425
710.148682 0.000000 1260.738281 0.000000 0.924141 0.000000 -0.382051 0.824193 0.824193 0.824193
704.734436 0.000000 1260.581055 0.000000 0.752302 0.000000 -0.658818 0.852145 0.852145 0.852145
711.145386 0.000000 1263.717407 0.000000 0.998442 0.000000 0.055800 0.796588 0.796588 0.796588
707.393738 0.000000 1261.819580 0.000000 0.154378 0.000000 -0.988012 0.899252 0.899252 0.899252
705.931030 0.000000 1270.709106 0.000000 0.680032 0.000000 -0.733183 0.850791 0.850791 0.850791
710.148682 0.000000 1266.734375 0.000000 0.774269 0.000000 -0.632857 0.843110 0.843110 0.843110
704.734436 0.000000 1266.577148 0.000000 0.980184 0.000000 0.198087 0.786618 0.786618 0.786618
711.145386 0.000000 1269.713501 0.000000 0.936989 0.000000 -0.349358 0.822239 0.822239 0.822239
713.923218 0.000000 1264.713013 0.000000 0.643748 0.000000 -0.765238 0.854823 0.854823 0.854823
718.140869 0.000000 1260.738281 0.000000 0.759445 0.000000 -0.650572 0.839046 0.839046 0.839046
712.726624 0.000000 1260.581055 0.000000 0.946533 0.000000 0.322608 0.780121 0.780121 0.780121
719.137573 0.000000 1263.717407 0.000000 0.813268 0.000000 -0.581890 0.836839 0.836839 0.836839
718.140869 0.000000 1266.734375 0.000000 0.282005 0.000000 0.959413 0.717622 0.717622 0.717622
712.726624 0.000000 1266.577148 0.000000 0.852919 0.000000 -0.522043 0.835542 0.835542 0.835542
719.137573 0.000000 1269.713501 0.000000 0.366629 0.000000 -0.930367 0.875923 0.875923 0.875923
721.915405 0.000000 1252.720825 0.000000 0.964796 0.000000 0.263000 0.788519 0.788519 0.788519
721.915405 0.000000 1258.716919 0.000000 0.960949 0.000000 0.276725 0.786392 0.786392 0.786392
726.133057 0.000000 1254.742188 0.000000 0.970847 0.000000 0.239698 0.792023 0.792023 0.792023
720.718811 0.000000 1254.584961 0.000000 0.945231 0.000000 -0.326402 0.814742 0.814742 0.814742
729.907593 0.000000 1252.720825 0.000000 0.436115 0.000000 0.899891 0.772498 0.772498 0.772498
721.915405 0.000000 1264.713013 0.000000 0.996472 0.000000 -0.083925 0.804984 0.804984 0.804984
726.133057 0.000000 1260.738281 0.000000 0.086218 0.000000 -0.996276 0.860483 0.860483 0.860483
720.718811 0.000000 1260.581055 0.000000 0.621326 0.000000 -0.783552 0.847473 0.847473 0.847473
720.718811 0.000000 1266.577148 0.000000 0.884356 0.000000 -0.466814 0.829392 0.829392 0.829392
729.907593 0.000000 1264.713013 0.000000 0.003038 0.000000 -0.999995 0.860119 0.860119 0.860119
729.907593 0.000000 1270.709106 0.000000 0.083549 0.000000 -0.996504 0.856137 0.856137 0.856137
710.148682 0.000000 1272.730469 0.000000 0.368864 0.000000 -0.929483 0.871482 0.871482 0.871482
704.734436 0.000000 1272.573242 0.000000 0.397980 0.000000 0.917394 0.729015 0.729015 0.729015
711.145386 0.000000 1275.709595 0.000000 0.583362 0.000000 0.812212 0.746042 0.746042 0.746042
704.734436 0.000000 1278.569336 0.000000 0.124792 0.000000 -0.992183 0.878825 0.878825 0.878825
718.140869 0.000000 1272.730469 0.000000 0.807291 0.000000 0.590154 0.764068 0.764068 0.764068
712.726624 0.000000 1272.573242 0.000000 0.999576 0.000000 0.029101 0.798274 0.798274 0.798274
713.923218 0.000000 1282.701294 0.000000 0.862910 0.000000 0.505358 0.776509 0.776509 0.776509
718.140869 0.000000 1278.726562 0.000000 0.309459 0.000000 -0.950913 0.856450 0.856450 0.856450
705.931030 0.000000 1288.697388 0.000000 0.770510 0.000000 -0.637428 0.830645 0.830645 0.830645
710.148682 0.000000 1284.722656 0.000000 0.998915 0.000000 -0.046565 0.801954 0.801954 0.801954
704.734436 0.000000 1284.565430 0.000000 0.999828 0.000000 -0.018536 0.800878 0.800878 0.800878
705.931030 0.000000 1294.693481 0.000000 0.786075 0.000000 -0.618131 0.825553 0.825553 0.825553
710.148682 0.000000 1290.718750 0.000000 0.884129 0.000000 -0.467243 0.818934 0.818934 0.818934
704.734436 0.000000 1290.561523 0.000000 0.505763 0.000000 -0.862673 0.844265 0.844265 0.844265
713.923218 0.000000 1288.697388 0.000000 0.034751 0.000000 0.999396 0.741098 0.741098 0.741098
718.140869 0.000000 1284.722656 0.000000 0.950217 0.000000 0.311590 0.788229 0.788229 0.788229
712.726624 0.000000 1284.565430 0.000000 0.896730 0.000000 -0.442578 0.818954 0.818954 0.818954
713.923218 0.000000 1294.693481 0.000000 0.756437 0.000000 0.654067 0.775224 0.775224 0.775224
718.140869 0.000000 1290.718750 0.000000 0.140601 0.000000 -0.990066 0.846259 0.846259 0.846259
726.133057 0.000000 1272.730469 0.000000 0.947806 0.000000 -0.318848 0.814000 0.814000 0.814000
720.718811 0.000000 1272.573242 0.000000 0.369041 0.000000 0.929413 0.734247 0.734247 0.734247
721.915405 0.000000 1282.701294 0.000000 0.856370 0.000000 -0.516363 0.819832 0.819832 0.819832
726.133057 0.000000 1278.726562 0.000000 0.670747 0.000000 0.741686 0.772965 0.772965 0.772965
720.718811 0.000000 1278.569336 0.000000 0.885777 0.000000 -0.464111 0.821399 0.821399 0.821399
729.907593 0.000000 1276.705200 0.000000 0.909481 0.000000 -0.415746 0.813616 0.813616 0.813616
729.907593 0.000000 1282.701294 0.000000 0.393429 0.000000 -0.919355 0.828655 0.828655 0.828655
721.915405 0.000000 1288.697388 0.000000 0.248028 0.000000 -0.968753 0.841132 0.841132 0.841132
721.915405 0.000000 1294.693481 0.000000 0.882508 0.000000 0.470297 0.783571 0.783571 0.783571
726.133057 0.000000 1290.718750 0.000000 0.061345 0.000000 -0.998117 0.841602 0.841602 0.841602
729.907593 0.000000 1288.697388 0.000000 0.372079 0.000000 -0.928201 0.829935 0.829935 0.829935
737.899780 0.000000 1264.713013 0.000000 0.538993 0.000000 -0.842310 0.813802 0.813802 0.813802
737.899780 0.000000 1288.697388 0.000000 0.548446 0.000000 -0.836186 0.814834 0.814834 0.814834
737.899780 0.000000 1294.693481 0.000000 0.055687 0.000000 0.998448 0.766412 0.766412 0.766412
745.891968 0.000000 1288.697388 0.000000 0.975014 0.000000 -0.222143 0.804161 0.804161 0.804161
745.891968 0.000000 1294.693481 0.000000 0.063122 0.000000 0.998006 0.753930 0.753930 0.753930
753.884155 0.000000 1288.697388 0.000000 0.020849 0.000000 -0.999783 0.837147 0.837147 0.837147
753.884155 0.000000 1294.693481 0.000000 0.592676 0.000000 0.805441 0.768580 0.768580 0.768580
761.876343 0.000000 1288.697388 0.000000 0.925469 0.000000 0.378823 0.792085 0.792085 0.792085
761.876343 0.000000 1294.693481 0.000000 0.929440 0.000000 -0.368972 0.808831 0.808831 0.808831
705.931030 0.000000 1300.689575 0.000000 0.974118 0.000000 0.226039 0.791393 0.791393 0.791393
710.148682 0.000000 1296.714844 0.000000 0.822672 0.000000 0.568516 0.778985 0.778985 0.778985
705.931030 0.000000 1306.685669 0.000000 0.837222 0.000000 0.546863 0.775385 0.775385 0.775385
710.148682 0.000000 1302.710938 0.000000 0.228405 0.000000 0.973566 0.741373 0.741373 0.741373
713.923218 0.000000 1300.689575 0.000000 0.972244 0.000000 -0.233970 0.810471 0.810471 0.810471
718.140869 0.000000 1296.714844 0.000000 0.999676 0.000000 0.025441 0.799024 0.799024 0.799024
713.923218 0.000000 1306.685669 0.000000 0.727347 0.000000 -0.686270 0.838067 0.838067 0.838067
718.140869 0.000000 1302.710938 0.000000 0.353215 0.000000 0.935542 0.742010 0.742010 0.742010
712.726624 0.000000 1302.553711 0.000000 0.939580 0.000000 0.342330 0.783252 0.783252 0.783252
705.931030 0.000000 1312.681763 0.000000 0.813067 0.000000 -0.582170 0.830530 0.830530 0.830530
710.148682 0.000000 1308.707031 0.000000 0.032104 0.000000 -0.999485 0.879287 0.879287 0.879287
704.734436 0.000000 1308.549805 0.000000 0.948473 0.000000 -0.316858 0.814295 0.814295 0.814295
705.931030 0.000000 1318.677856 0.000000 0.970029 0.000000 0.242991 0.786764 0.786764 0.786764
710.148682 0.000000 1314.703125 0.000000 0.973737 0.000000 -0.227674 0.813625 0.813625 0.813625
704.734436 0.000000 1314.545898 0.000000 0.547496 0.000000 -0.836808 0.850493 0.850493 0.850493
711.145386 0.000000 1317.682251 0.000000 0.111262 0.000000 0.993791 0.710814 0.710814 0.710814
713.923218 0.000000 1312.681763 0.000000 0.987533 0.000000 0.157410 0.790908 0.790908 0.790908
718.140869 0.000000 1308.707031 0.000000 0.295738 0.000000 0.955269 0.730723 0.730723 0.730723
712.726624 0.000000 1308.549805 0.000000 0.499285 0.000000 0.866438 0.744741 0.744741 0.744741
719.137573 0.000000 1311.686157 0.000000 0.228494 0.000000 -0.973545 0.876290 0.876290 0.876290
713.923218 0.000000 1318.677856 0.000000 0.205420 0.000000 -0.978674 0.884173 0.884173 0.884173
718.140869 0.000000 1314.703125 0.000000 0.918639 0.000000 -0.395098 0.824824 0.824824 0.824824
712.726624 0.000000 1314.545898 0.000000 0.335274 0.000000 0.942121 0.725631 0.725631 0.725631
719.137573 0.000000 1317.682251 0.000000 0.252106 0.000000 -0.967700 0.881213 0.881213 0.881213
721.915405 0.000000 1300.689575 0.000000 0.900863 0.000000 0.434103 0.780628 0.780628 0.780628
726.133057 0.000000 1296.714844 0.000000 0.714546 0.000000 -0.699589 0.825998 0.825998 0.825998
721.915405 0.000000 1306.685669 0.000000 0.789427 0.000000 0.613844 0.765152 0.765152 0.765152
720.718811 0.000000 1302.553711 0.000000 0.577513 0.000000 0.816382 0.755362 0.755362 0.755362
734.125244 0.000000 1296.714844 0.000000 0.080177 0.000000 -0.996781 0.841975 0.841975 0.841975
734.125244 0.000000 1302.710938 0.000000 0.830256 0.000000 -0.557383 0.824443 0.824443 0.824443
728.710999 0.000000 1302.553711 0.000000 0.910586 0.000000 0.413320 0.780852 0.780852 0.780852
721.915405 0.000000 1312.681763 0.000000 0.919707 0.000000 -0.392605 0.823691 0.823691 0.823691
720.718811 0.000000 1308.549805 0.000000 0.102817 0.000000 -0.994700 0.880911 0.880911 0.880911
721.915405 0.000000 1318.677856 0.000000 0.979686 0.000000 0.200536 0.788265 0.788265 0.788265
720.718811 0.000000 1314.545898 0.000000 0.396145 0.000000 -0.918188 0.869015 0.869015 0.869015
734.125244 0.000000 1308.707031 0.000000 0.999457 0.000000 0.032936 0.798520 0.798520 0.798520
728.710999 0.000000 1308.549805 0.000000 0.797421 0.000000 -0.603423 0.832992 0.832992 0.832992
734.125244 0.000000 1314.703125 0.000000 0.432415 0.000000 0.901675 0.752873 0.752873 0.752873
728.710999 0.000000 1314.545898 0.000000 0.380670 0.000000 0.924711 0.742011 0.742011 0.742011
710.148682 0.000000 1320.699219 0.000000 0.117877 0.000000 -0.993028 0.891390 0.891390 0.891390
704.734436 0.000000 1320.541992 0.000000 0.015245 0.000000 0.999884 0.713320 0.713320 0.713320
711.145386 0.000000 1323.678345 0.000000 0.246203 0.000000 -0.969218 0.883173 0.883173 0.883173
710.148682 0.000000 1326.695312 0.000000 0.287280 0.000000 0.957847 0.721042 0.721042 0.721042
711.145386 0.000000 1329.674438 0.000000 0.459210 0.000000 -0.888328 0.867497 0.867497 0.867497
713.923218 0.000000 1324.673950 0.000000 0.313628 0.000000 -0.949546 0.875003 0.875003 0.875003
718.140869 0.000000 1320.699219 0.000000 0.790278 0.000000 -0.612748 0.838727 0.838727 0.838727
712.726624 0.000000 1320.541992 0.000000 0.701141 0.000000 -0.713023 0.849465 0.849465 0.849465
719.137573 0.000000 1323.678345 0.000000 0.771856 0.000000 -0.635798 0.837983 0.837983 0.837983
713.923218 0.000000 1330.670044 0.000000 0.025735 0.000000 -0.999669 0.884244 0.884244 0.884244
718.140869 0.000000 1326.695312 0.000000 0.676380 0.000000 0.736553 0.759817 0.759817 0.759817
712.726624 0.000000 1326.538086 0.000000 0.534075 0.000000 -0.845437 0.857945 0.857945 0.857945
710.148682 0.000000 1332.691406 0.000000 0.677571 0.000000 0.735458 0.754449 0.754449 0.754449
704.734436 0.000000 1332.534180 0.000000 0.072414 0.000000 0.997375 0.694066 0.694066 0.694066
704.734436 0.000000 1338.530273 0.000000 0.888983 0.000000 0.457939 0.769219 0.769219 0.769219
713.923218 0.000000 1336.666138 0.000000 0.205311 0.000000 0.978697 0.741156 0.741156 0.741156
718.140869 0.000000 1332.691406 0.000000 0.447431 0.000000 -0.894319 0.845099 0.845099 0.845099
712.726624 0.000000 1332.534180 0.000000 0.335471 0.000000 -0.942051 0.861104 0.861104 0.861104
718.140869 0.000000 1338.687500 0.000000 0.684983 0.000000 -0.728559 0.827387 0.827387 0.827387
721.915405 0.000000 1324.673950 0.000000 0.947075 0.000000 0.321013 0.784140 0.784140 0.784140
726.133057 0.000000 1320.699219 0.000000 0.878017 0.000000 -0.478629 0.820933 0.820933 0.820933
720.718811 0.000000 1320.541992 0.000000 0.950562 0.000000 -0.310533 0.817784 0.817784 0.817784
721.915405 0.000000 1330.670044 0.000000 0.830378 0.000000 0.557201 0.775566 0.775566 0.775566
726.133057 0.000000 1326.695312 0.000000 0.444184 0.000000 -0.895936 0.842586 0.842586 0.842586
720.718811 0.000000 1326.538086 0.000000 0.839347 0.000000 0.543597 0.773829 0.773829 0.773829
734.125244 0.000000 1320.699219 0.000000 0.995086 0.000000 -0.099018 0.803150 0.803150 0.803150
729.907593 0.000000 1330.670044 0.000000 0.524059 0.000000 0.851682 0.765192 0.765192 0.765192
734.125244 0.000000 1326.695312 0.000000 0.938590 0.000000 0.345034 0.789235 0.789235 0.789235
721.915405 0.000000 1336.666138 0.000000 0.380499 0.000000 0.924781 0.758977 0.758977 0.758977
726.133057 0.000000 1332.691406 0.000000 0.336775 0.000000 0.941585 0.755878 0.755878 0.755878
726.133057 0.000000 1338.687500 0.000000 0.987067 0.000000 -0.160310 0.805402 0.805402 0.805402
729.907593 0.000000 1336.666138 0.000000 0.218324 0.000000 -0.975876 0.846940 0.846940 0.846940
734.125244 0.000000 1332.691406 0.000000 0.522996 0.000000 -0.852335 0.834239 0.834239 0.834239
734.125244 0.000000 1338.687500 0.000000 0.842532 0.000000 0.538647 0.777165 0.777165 0.777165
737.899780 0.000000 1300.689575 0.000000 0.938124 0.000000 -0.346300 0.812925 0.812925 0.812925
742.117432 0.000000 1296.714844 0.000000 0.167996 0.000000 -0.985788 0.846202 0.846202 0.846202
737.899780 0.000000 1306.685669 0.000000 0.880916 0.000000 0.473272 0.778141 0.778141 0.778141
742.117432 0.000000 1302.710938 0.000000 0.226258 0.000000 -0.974068 0.853092 0.853092 0.853092
745.891968 0.000000 1300.689575 0.000000 0.617934 0.000000 -0.786230 0.835776 0.835776 0.835776
750.109619 0.000000 1296.714844 0.000000 0.667906 0.000000 -0.744245 0.831183 0.831183 0.831183
745.891968 0.000000 1306.685669 0.000000 0.742166 0.000000 -0.670216 0.827726 0.827726 0.827726
750.109619 0.000000 1302.710938 0.000000 0.913115 0.000000 0.407701 0.783645 0.783645 0.783645
737.899780 0.000000 1312.681763 0.000000 0.954556 0.000000 0.298033 0.787851 0.787851 0.787851
742.117432 0.000000 1308.707031 0.000000 0.337730 0.000000 -0.941243 0.848494 0.848494 0.848494
736.703186 0.000000 1308.549805 0.000000 0.311829 0.000000 -0.950138 0.855586 0.855586 0.855586
737.899780 0.000000 1318.677856 0.000000 0.569558 0.000000 0.821951 0.768205 0.768205 0.768205
742.117432 0.000000 1314.703125 0.000000 0.982545 0.000000 -0.186024 0.805830 0.805830 0.805830
745.891968 0.000000 1312.681763 0.000000 0.574051 0.000000 0.818820 0.768385 0.768385 0.768385
750.109619 0.000000 1308.707031 0.000000 0.854905 0.000000 -0.518784 0.817974 0.817974 0.817974
750.109619 0.000000 1314.703125 0.000000 0.254251 0.000000 0.967138 0.763791 0.763791 0.763791
753.884155 0.000000 1306.685669 0.000000 0.490679 0.000000 0.871340 0.765137 0.765137 0.765137
761.876343 0.000000 1300.689575 0.000000 0.874586 0.000000 0.484870 0.789384 0.789384 0.789384
761.876343 0.000000 1306.685669 0.000000 0.385895 0.000000 0.922543 0.778886 0.778886 0.778886
753.884155 0.000000 1312.681763 0.000000 0.998328 0.000000 -0.057803 0.801629 0.801629 0.801629
753.884155 0.000000 1318.677856 0.000000 0.567702 0.000000 -0.823234 0.820860 0.820860 0.820860
761.876343 0.000000 1312.681763 0.000000 0.425768 0.000000 0.904833 0.782381 0.782381 0.782381
761.876343 0.000000 1318.677856 0.000000 0.510405 0.000000 0.859934 0.782634 0.782634 0.782634
737.899780 0.000000 1324.673950 0.000000 0.999466 0.000000 0.032669 0.799119 0.799119 0.799119
737.899780 0.000000 1330.670044 0.000000 0.461082 0.000000 -0.887357 0.833356 0.833356 0.833356
745.891968 0.000000 1324.673950 0.000000 0.780927 0.000000 -0.624622 0.814956 0.814956 0.814956
745.891968 0.000000 1330.670044 0.000000 0.128543 0.000000 0.991704 0.761123 0.761123 0.761123
737.899780 0.000000 1336.666138 0.000000 0.836560 0.000000 -0.547876 0.821887 0.821887 0.821887
742.117432 0.000000 1332.691406 0.000000 0.838782 0.000000 0.544468 0.781716 0.781716 0.781716
742.117432 0.000000 1338.687500 0.000000 0.458622 0.000000 0.888631 0.754756 0.754756 0.754756
750.109619 0.000000 1332.691406 0.000000 0.949439 0.000000 0.313951 0.789476 0.789476 0.789476
744.695374 0.000000 1338.530273 0.000000 0.819859 0.000000 0.572565 0.774431 0.774431 0.774431
753.884155 0.000000 1324.673950 0.000000 0.911801 0.000000 0.410633 0.789351 0.789351 0.789351
753.884155 0.000000 1330.670044 0.000000 0.446362 0.000000 -0.894852 0.834525 0.834525 0.834525
758.101807 0.000000 1326.695312 0.000000 0.861309 0.000000 -0.508082 0.815328 0.815328 0.815328
761.876343 0.000000 1324.673950 0.000000 0.138198 0.000000 0.990405 0.763101 0.763101 0.763101
761.876343 0.000000 1330.670044 0.000000 0.943806 0.000000 -0.330499 0.812311 0.812311 0.812311
758.101807 0.000000 1332.691406 0.000000 0.684422 0.000000 -0.729086 0.833287 0.833287 0.833287
758.101807 0.000000 1338.687500 0.000000 0.270977 0.000000 0.962586 0.731645 0.731645 0.731645
752.687561 0.000000 1338.530273 0.000000 0.892553 0.000000 -0.450942 0.821303 0.821303 0.821303
759.098511 0.000000 1341.666626 0.000000 0.905021 0.000000 -0.425366 0.824220 0.824220 0.824220
760.679749 0.000000 1332.534180 0.000000 0.088254 0.000000 -0.996098 0.863064 0.863064 0.863064
760.679749 0.000000 1338.530273 0.000000 0.595874 0.000000 -0.803078 0.850282 0.850282 0.850282
641.993530 0.000000 1348.658325 0.000000 0.176354 0.000000 -0.984327 0.825049 0.825049 0.825049
646.211182 0.000000 1344.683594 0.000000 0.360079 0.000000 -0.932922 0.843228 0.843228 0.843228
649.985718 0.000000 1348.658325 0.000000 0.999503 0.000000 -0.031536 0.801039 0.801039 0.801039
654.203369 0.000000 1344.683594 0.000000 0.971040 0.000000 0.238915 0.784967 0.784967 0.784967
655.200073 0.000000 1347.662720 0.000000 0.397118 0.000000 -0.917767 0.869649 0.869649 0.869649
649.985718 0.000000 1354.654419 0.000000 0.978184 0.000000 0.207738 0.796364 0.796364 0.796364
654.203369 0.000000 1350.679688 0.000000 0.674216 0.000000 -0.738535 0.839828 0.839828 0.839828
657.977905 0.000000 1348.658325 0.000000 0.413353 0.000000 -0.910571 0.868585 0.868585 0.868585
662.195557 0.000000 1344.683594 0.000000 0.998881 0.000000 -0.047292 0.803855 0.803855 0.803855
656.781311 0.000000 1344.526367 0.000000 0.671138 0.000000 0.741333 0.743962 0.743962 0.743962
663.192261 0.000000 1347.662720 0.000000 0.085021 0.000000 -0.996379 0.918393 0.918393 0.918393
659.440613 0.000000 1345.764893 0.000000 0.685610 0.000000 0.727969 0.741864 0.741864 0.741864
657.977905 0.000000 1354.654419 0.000000 0.902078 0.000000 -0.431572 0.817112 0.817112 0.817112
662.195557 0.000000 1350.679688 0.000000 0.235648 0.000000 -0.971838 0.890247 0.890247 0.890247
656.781311 0.000000 1350.522461 0.000000 0.924030 0.000000 0.382320 0.778845 0.778845 0.778845
663.192261 0.000000 1353.658813 0.000000 0.819164 0.000000 -0.573559 0.836966 0.836966 0.836966
665.970093 0.000000 1348.658325 0.000000 0.970830 0.000000 0.239767 0.780995 0.780995 0.780995
670.187744 0.000000 1344.683594 0.000000 0.915299 0.000000 -0.402775 0.831545 0.831545 0.831545
664.773499 0.000000 1344.526367 0.000000 0.932925 0.000000 0.360072 0.769764 0.769764 0.769764
671.184448 0.000000 1347.662720 0.000000 0.889403 0.000000 -0.457125 0.834989 0.834989 0.834989
667.432800 0.000000 1345.764893 0.000000 0.821576 0.000000 -0.570099 0.850159 0.850159 0.850159
665.970093 0.000000 1354.654419 0.000000 0.493060 0.000000 0.869995 0.744363 0.744363 0.744363
670.187744 0.000000 1350.679688 0.000000 0.925918 0.000000 -0.377725 0.826457 0.826457 0.826457
664.773499 0.000000 1350.522461 0.000000 0.894217 0.000000 0.447633 0.766908 0.766908 0.766908
671.184448 0.000000 1353.658813 0.000000 0.825596 0.000000 -0.564262 0.837000 0.837000 0.837000
667.432800 0.000000 1351.760986 0.000000 0.675324 0.000000 0.737521 0.739869 0.739869 0.739869
657.977905 0.000000 1360.650513 0.000000 0.707819 0.000000 -0.706394 0.810810 0.810810 0.810810
662.195557 0.000000 1356.675781 0.000000 0.748000 0.000000 0.663699 0.769995 0.769995 0.769995
665.970093 0.000000 1360.650513 0.000000 0.420083 0.000000 0.907486 0.771381 0.771381 0.771381
670.187744 0.000000 1356.675781 0.000000 0.745295 0.000000 0.666735 0.765017 0.765017 0.765017
664.773499 0.000000 1356.518555 0.000000 0.016195 0.000000 0.999869 0.733865 0.733865 0.733865
673.962280 0.000000 1348.658325 0.000000 0.993836 0.000000 0.110863 0.792212 0.792212 0.792212
678.179932 0.000000 1344.683594 0.000000 0.905652 0.000000 0.424021 0.770090 0.770090 0.770090
672.765686 0.000000 1344.526367 0.000000 0.676047 0.000000 0.736859 0.740437 0.740437 0.740437
679.176636 0.000000 1347.662720 0.000000 0.866138 0.000000 0.499806 0.764878 0.764878 0.764878
675.424988 0.000000 1345.764893 0.000000 0.675588 0.000000 0.737279 0.741882 0.741882 0.741882
673.962280 0.000000 1354.654419 0.000000 0.993450 0.000000 -0.114269 0.806450 0.806450 0.806450
678.179932 0.000000 1350.679688 0.000000 0.996921 0.000000 0.078411 0.795203 0.795203 0.795203
672.765686 0.000000 1350.522461 0.000000 0.944032 0.000000 -0.329854 0.822759 0.822759 0.822759
679.176636 0.000000 1353.658813 0.000000 0.615904 0.000000 -0.787822 0.851099 0.851099 0.851099
675.424988 0.000000 1351.760986 0.000000 0.756325 0.000000 -0.654196 0.848710 0.848710 0.848710
680.757874 0.000000 1344.526367 0.000000 0.316490 0.000000 0.948596 0.719191 0.719191 0.719191
687.168823 0.000000 1347.662720 0.000000 0.807780 0.000000 -0.589484 0.837017 0.837017 0.837017
680.757874 0.000000 1350.522461 0.000000 0.965370 0.000000 -0.260884 0.814866 0.814866 0.814866
672.765686 0.000000 1356.518555 0.000000 0.926568 0.000000 -0.376127 0.818715 0.818715 0.818715
673.962280 0.000000 1366.646606 0.000000 0.966287 0.000000 0.257468 0.795943 0.795943 0.795943
678.179932 0.000000 1362.671875 0.000000 0.995767 0.000000 0.091909 0.797243 0.797243 0.797243
681.954468 0.000000 1360.650513 0.000000 0.883232 0.000000 -0.468936 0.816669 0.816669 0.816669
686.172119 0.000000 1356.675781 0.000000 0.999293 0.000000 0.037593 0.798536 0.798536 0.798536
681.954468 0.000000 1366.646606 0.000000 0.522349 0.000000 -0.852732 0.817132 0.817132 0.817132
686.172119 0.000000 1362.671875 0.000000 0.974782 0.000000 0.223160 0.793527 0.793527 0.793527
695.161011 0.000000 1347.662720 0.000000 0.788937 0.000000 -0.614474 0.838459 0.838459 0.838459
689.946655 0.000000 1360.650513 0.000000 0.837868 0.000000 -0.545873 0.818683 0.818683 0.818683
694.164307 0.000000 1356.675781 0.000000 0.992471 0.000000 -0.122480 0.804488 0.804488 0.804488
689.946655 0.000000 1366.646606 0.000000 0.919086 0.000000 0.394056 0.791263 0.791263 0.791263
697.938843 0.000000 1360.650513 0.000000 0.992461 0.000000 -0.122563 0.803534 0.803534 0.803534
702.156494 0.000000 1356.675781 0.000000 0.314843 0.000000 0.949144 0.758790 0.758790 0.758790
686.172119 0.000000 1386.656250 0.000000 0.619455 0.000000 -0.785032 0.825963 0.825963 0.825963
689.946655 0.000000 1372.642700 0.000000 0.283310 0.000000 0.959028 0.776159 0.776159 0.776159
702.156494 0.000000 1368.667969 0.000000 0.540586 0.000000 -0.841289 0.830547 0.830547 0.830547
665.970093 0.000000 1408.619263 0.000000 0.312300 0.000000 0.949984 0.781228 0.781228 0.781228
665.970093 0.000000 1414.615356 0.000000 0.718829 0.000000 0.695187 0.786183 0.786183 0.786183
670.187744 0.000000 1410.640625 0.000000 0.474302 0.000000 -0.880362 0.830319 0.830319 0.830319
665.970093 0.000000 1420.611450 0.000000 0.810601 0.000000 -0.585598 0.811620 0.811620 0.811620
657.977905 0.000000 1432.603638 0.000000 0.836045 0.000000 0.548661 0.789909 0.789909 0.789909
657.977905 0.000000 1438.599731 0.000000 1.000000 0.000000 -0.000800 0.800013 0.800013 0.800013
665.970093 0.000000 1432.603638 0.000000 0.826064 0.000000 -0.563577 0.813991 0.813991 0.813991
665.970093 0.000000 1438.599731 0.000000 0.640254 0.000000 0.768163 0.781105 0.781105 0.781105
670.187744 0.000000 1434.625000 0.000000 0.078689 0.000000 0.996899 0.751725 0.751725 0.751725
673.962280 0.000000 1396.627075 0.000000 0.967961 0.000000 0.251100 0.795742 0.795742 0.795742
678.179932 0.000000 1398.648438 0.000000 0.577429 0.000000 -0.816441 0.828617 0.828617 0.828617
686.172119 0.000000 1392.652344 0.000000 0.992755 0.000000 -0.120154 0.804258 0.804258 0.804258
686.172119 0.000000 1398.648438 0.000000 0.650768 0.000000 0.759277 0.766421 0.766421 0.766421
673.962280 0.000000 1408.619263 0.000000 0.518153 0.000000 0.855288 0.768030 0.768030 0.768030
678.179932 0.000000 1404.644531 0.000000 0.724667 0.000000 0.689100 0.773124 0.773124 0.773124
678.179932 0.000000 1410.640625 0.000000 0.244567 0.000000 0.969632 0.753205 0.753205 0.753205
681.954468 0.000000 1414.615356 0.000000 0.418379 0.000000 0.908272 0.762460 0.762460 0.762460
694.164307 0.000000 1392.652344 0.000000 0.913254 0.000000 0.407390 0.781396 0.781396 0.781396
694.164307 0.000000 1398.648438 0.000000 0.999830 0.000000 -0.018460 0.800796 0.800796 0.800796
702.156494 0.000000 1392.652344 0.000000 0.366055 0.000000 0.930593 0.741237 0.741237 0.741237
696.742249 0.000000 1392.495117 0.000000 0.316275 0.000000 0.948668 0.743124 0.743124 0.743124
702.156494 0.000000 1398.648438 0.000000 0.512915 0.000000 0.858440 0.759181 0.759181 0.759181
696.742249 0.000000 1398.491211 0.000000 0.976211 0.000000 -0.216821 0.809298 0.809298 0.809298
694.164307 0.000000 1404.644531 0.000000 0.888656 0.000000 -0.458575 0.813701 0.813701 0.813701
689.946655 0.000000 1414.615356 0.000000 0.996750 0.000000 -0.080557 0.801740 0.801740 0.801740
697.938843 0.000000 1408.619263 0.000000 0.894675 0.000000 -0.446718 0.808047 0.808047 0.808047
673.962280 0.000000 1420.611450 0.000000 0.920156 0.000000 -0.391551 0.810848 0.810848 0.810848
678.179932 0.000000 1416.636719 0.000000 0.409839 0.000000 -0.912158 0.837849 0.837849 0.837849
673.962280 0.000000 1426.607544 0.000000 0.775086 0.000000 -0.631856 0.820080 0.820080 0.820080
678.179932 0.000000 1422.632812 0.000000 0.750135 0.000000 0.661284 0.777055 0.777055 0.777055
681.954468 0.000000 1420.611450 0.000000 0.109135 0.000000 -0.994027 0.844658 0.844658 0.844658
681.954468 0.000000 1426.607544 0.000000 0.820530 0.000000 0.571604 0.779219 0.779219 0.779219
673.962280 0.000000 1432.603638 0.000000 0.414327 0.000000 -0.910128 0.839742 0.839742 0.839742
673.962280 0.000000 1438.599731 0.000000 0.444527 0.000000 -0.895765 0.836584 0.836584 0.836584
678.179932 0.000000 1434.625000 0.000000 0.860812 0.000000 0.508922 0.779205 0.779205 0.779205
686.172119 0.000000 1428.628906 0.000000 0.192044 0.000000 0.981386 0.757080 0.757080 0.757080
681.954468 0.000000 1438.599731 0.000000 0.845755 0.000000 0.533572 0.778755 0.778755 0.778755
686.172119 0.000000 1434.625000 0.000000 0.520393 0.000000 -0.853927 0.834342 0.834342 0.834342
689.946655 0.000000 1420.611450 0.000000 0.282848 0.000000 0.959165 0.773842 0.773842 0.773842
689.946655 0.000000 1426.607544 0.000000 0.999900 0.000000 0.014172 0.799643 0.799643 0.799643
689.946655 0.000000 1432.603638 0.000000 0.394040 0.000000 0.919093 0.765774 0.765774 0.765774
689.946655 0.000000 1438.599731 0.000000 0.585310 0.000000 -0.810810 0.824928 0.824928 0.824928
710.148682 0.000000 1344.683594 0.000000 0.745909 0.000000 -0.666048 0.826641 0.826641 0.826641
704.734436 0.000000 1344.526367 0.000000 0.994721 0.000000 -0.102616 0.805297 0.805297 0.805297
705.931030 0.000000 1354.654419 0.000000 0.905841 0.000000 -0.423617 0.814153 0.814153 0.814153
710.148682 0.000000 1350.679688 0.000000 0.965230 0.000000 -0.261401 0.807923 0.807923 0.807923
713.923218 0.000000 1348.658325 0.000000 0.545433 0.000000 -0.838154 0.828584 0.828584 0.828584
718.140869 0.000000 1344.683594 0.000000 0.286352 0.000000 -0.958125 0.836824 0.836824 0.836824
718.140869 0.000000 1350.679688 0.000000 0.709211 0.000000 -0.704996 0.822034 0.822034 0.822034
705.931030 0.000000 1360.650513 0.000000 0.369950 0.000000 -0.929052 0.830707 0.830707 0.830707
710.148682 0.000000 1356.675781 0.000000 0.524170 0.000000 0.851614 0.771913 0.771913 0.771913
710.148682 0.000000 1362.671875 0.000000 0.923470 0.000000 -0.383670 0.813212 0.813212 0.813212
718.140869 0.000000 1362.671875 0.000000 0.028967 0.000000 -0.999580 0.876677 0.876677 0.876677
726.133057 0.000000 1344.683594 0.000000 0.978770 0.000000 0.204959 0.793074 0.793074 0.793074
726.133057 0.000000 1356.675781 0.000000 0.733626 0.000000 0.679554 0.760605 0.760605 0.760605
727.129761 0.000000 1359.654907 0.000000 0.987130 0.000000 -0.159922 0.809431 0.809431 0.809431
726.133057 0.000000 1362.671875 0.000000 0.876919 0.000000 -0.480638 0.831543 0.831543 0.831543
720.718811 0.000000 1362.514648 0.000000 0.380604 0.000000 0.924738 0.737056 0.737056 0.737056
727.129761 0.000000 1365.651001 0.000000 0.001690 0.000000 -0.999999 0.901538 0.901538 0.901538
728.710999 0.000000 1356.518555 0.000000 0.929239 0.000000 -0.369480 0.821088 0.821088 0.821088
735.121948 0.000000 1359.654907 0.000000 0.202607 0.000000 0.979260 0.717288 0.717288 0.717288
734.125244 0.000000 1362.671875 0.000000 0.975895 0.000000 0.218241 0.785895 0.785895 0.785895
728.710999 0.000000 1362.514648 0.000000 0.478372 0.000000 0.878157 0.729988 0.729988 0.729988
735.121948 0.000000 1365.651001 0.000000 0.897550 0.000000 -0.440913 0.828453 0.828453 0.828453
712.726624 0.000000 1368.510742 0.000000 0.999999 0.000000 -0.001734 0.800075 0.800075 0.800075
712.726624 0.000000 1374.506836 0.000000 0.308201 0.000000 0.951321 0.741984 0.741984 0.741984
704.734436 0.000000 1380.502930 0.000000 0.031835 0.000000 -0.999493 0.874690 0.874690 0.874690
710.148682 0.000000 1386.656250 0.000000 0.803184 0.000000 -0.595731 0.833649 0.833649 0.833649
704.734436 0.000000 1386.499023 0.000000 0.284212 0.000000 0.958762 0.730835 0.730835 0.730835
718.140869 0.000000 1380.660156 0.000000 0.475276 0.000000 0.879836 0.752957 0.752957 0.752957
712.726624 0.000000 1380.502930 0.000000 0.894998 0.000000 0.446071 0.775898 0.775898 0.775898
718.140869 0.000000 1386.656250 0.000000 0.971854 0.000000 0.235584 0.791308 0.791308 0.791308
712.726624 0.000000 1386.499023 0.000000 0.934928 0.000000 -0.354838 0.818474 0.818474 0.818474
726.133057 0.000000 1368.667969 0.000000 0.954360 0.000000 -0.298660 0.819808 0.819808 0.819808
727.129761 0.000000 1371.647095 0.000000 0.400444 0.000000 -0.916321 0.874986 0.874986 0.874986
720.718811 0.000000 1374.506836 0.000000 0.997217 0.000000 -0.074555 0.804114 0.804114 0.804114
728.710999 0.000000 1368.510742 0.000000 0.982071 0.000000 -0.188510 0.812499 0.812499 0.812499
735.121948 0.000000 1371.647095 0.000000 0.996999 0.000000 0.077420 0.795589 0.795589 0.795589
726.133057 0.000000 1380.660156 0.000000 0.793350 0.000000 0.608765 0.775686 0.775686 0.775686
721.915405 0.000000 1390.630981 0.000000 0.457459 0.000000 -0.889231 0.828229 0.828229 0.828229
729.907593 0.000000 1384.634888 0.000000 0.103142 0.000000 -0.994667 0.835171 0.835171 0.835171
734.125244 0.000000 1380.660156 0.000000 0.765443 0.000000 0.643504 0.778219 0.778219 0.778219
736.703186 0.000000 1344.526367 0.000000 0.999979 0.000000 -0.006512 0.800300 0.800300 0.800300
737.899780 0.000000 1354.654419 0.000000 0.195647 0.000000 -0.980674 0.875733 0.875733 0.875733
742.117432 0.000000 1350.679688 0.000000 0.567661 0.000000 -0.823263 0.849835 0.849835 0.849835
745.891968 0.000000 1348.658325 0.000000 0.776908 0.000000 0.629614 0.766538 0.766538 0.766538
750.109619 0.000000 1344.683594 0.000000 0.260031 0.000000 -0.965600 0.865036 0.865036 0.865036
744.695374 0.000000 1344.526367 0.000000 0.999214 0.000000 0.039629 0.798029 0.798029 0.798029
745.891968 0.000000 1354.654419 0.000000 0.711377 0.000000 -0.702811 0.840625 0.840625 0.840625
744.695374 0.000000 1350.522461 0.000000 0.852516 0.000000 0.522702 0.772647 0.772647 0.772647
742.117432 0.000000 1356.675781 0.000000 0.509741 0.000000 0.860328 0.744138 0.744138 0.744138
736.703186 0.000000 1362.514648 0.000000 0.996087 0.000000 -0.088373 0.805408 0.805408 0.805408
750.109619 0.000000 1356.675781 0.000000 0.988739 0.000000 0.149653 0.793430 0.793430 0.793430
744.695374 0.000000 1356.518555 0.000000 0.129511 0.000000 -0.991578 0.873385 0.873385 0.873385
745.891968 0.000000 1366.646606 0.000000 0.961161 0.000000 -0.275987 0.812900 0.812900 0.812900
750.109619 0.000000 1362.671875 0.000000 0.205346 0.000000 -0.978690 0.857208 0.857208 0.857208
744.695374 0.000000 1362.514648 0.000000 0.456603 0.000000 -0.889671 0.853222 0.853222 0.853222
752.687561 0.000000 1344.526367 0.000000 0.986749 0.000000 -0.162255 0.808496 0.808496 0.808496
753.884155 0.000000 1354.654419 0.000000 0.940327 0.000000 0.340272 0.786062 0.786062 0.786062
758.101807 0.000000 1350.679688 0.000000 0.970693 0.000000 0.240324 0.787058 0.787058 0.787058
752.687561 0.000000 1350.522461 0.000000 0.586783 0.000000 -0.809744 0.846367 0.846367 0.846367
761.876343 0.000000 1348.658325 0.000000 0.983150 0.000000 -0.182800 0.810574 0.810574 0.810574
760.679749 0.000000 1350.522461 0.000000 0.916065 0.000000 -0.401029 0.823241 0.823241 0.823241
767.090698 0.000000 1353.658813 0.000000 0.710161 0.000000 -0.704040 0.844460 0.844460 0.844460
753.884155 0.000000 1360.650513 0.000000 0.502375 0.000000 -0.864650 0.841929 0.841929 0.841929
760.679749 0.000000 1356.518555 0.000000 0.784145 0.000000 0.620577 0.769113 0.769113 0.769113
766.093994 0.000000 1362.671875 0.000000 0.509100 0.000000 -0.860707 0.841616 0.841616 0.841616
742.117432 0.000000 1368.667969 0.000000 0.238536 0.000000 0.971134 0.737845 0.737845 0.737845
742.117432 0.000000 1374.664062 0.000000 0.706193 0.000000 0.708020 0.773604 0.773604 0.773604
736.703186 0.000000 1374.506836 0.000000 0.337368 0.000000 -0.941373 0.859534 0.859534 0.859534
750.109619 0.000000 1368.667969 0.000000 0.838089 0.000000 -0.545533 0.821090 0.821090 0.821090
744.695374 0.000000 1368.510742 0.000000 0.370099 0.000000 -0.928992 0.850696 0.850696 0.850696
745.891968 0.000000 1378.638794 0.000000 0.484940 0.000000 -0.874548 0.821048 0.821048 0.821048
737.899780 0.000000 1384.634888 0.000000 0.999477 0.000000 0.032345 0.799419 0.799419 0.799419
753.884155 0.000000 1372.642700 0.000000 0.936719 0.000000 0.350081 0.790999 0.790999 0.790999
758.101807 0.000000 1368.667969 0.000000 0.803995 0.000000 0.594636 0.781304 0.781304 0.781304
710.148682 0.000000 1392.652344 0.000000 0.540659 0.000000 0.841242 0.751488 0.751488 0.751488
704.734436 0.000000 1392.495117 0.000000 0.781266 0.000000 0.624198 0.765668 0.765668 0.765668
710.148682 0.000000 1398.648438 0.000000 0.985270 0.000000 -0.171006 0.805560 0.805560 0.805560
718.140869 0.000000 1392.652344 0.000000 0.615145 0.000000 0.788414 0.773879 0.773879 0.773879
712.726624 0.000000 1392.495117 0.000000 0.976138 0.000000 0.217153 0.790032 0.790032 0.790032
713.923218 0.000000 1402.623169 0.000000 0.328964 0.000000 -0.944342 0.824431 0.824431 0.824431
705.931030 0.000000 1408.619263 0.000000 0.732000 0.000000 -0.681305 0.810779 0.810779 0.810779
721.915405 0.000000 1396.627075 0.000000 0.176100 0.000000 0.984372 0.778287 0.778287 0.778287
670.187744 0.000000 1440.621094 0.000000 0.007006 0.000000 -0.999975 0.845912 0.845912 0.845912
665.970093 0.000000 1450.591919 0.000000 0.929691 0.000000 0.368339 0.793897 0.793897 0.793897
665.970093 0.000000 1456.588013 0.000000 0.691971 0.000000 0.721925 0.787435 0.787435 0.787435
673.962280 0.000000 1444.595825 0.000000 0.942879 0.000000 0.333137 0.791250 0.791250 0.791250
678.179932 0.000000 1440.621094 0.000000 0.671073 0.000000 0.741392 0.770977 0.770977 0.770977
681.954468 0.000000 1444.595825 0.000000 0.892298 0.000000 -0.451446 0.812910 0.812910 0.812910
686.172119 0.000000 1440.621094 0.000000 0.731820 0.000000 0.681498 0.778435 0.778435 0.778435
681.954468 0.000000 1450.591919 0.000000 0.779104 0.000000 0.626895 0.785791 0.785791 0.785791
673.962280 0.000000 1456.588013 0.000000 0.922639 0.000000 -0.385665 0.808066 0.808066 0.808066
673.962280 0.000000 1462.584106 0.000000 0.957906 0.000000 0.287081 0.794243 0.794243 0.794243
681.954468 0.000000 1456.588013 0.000000 0.747191 0.000000 -0.664609 0.811761 0.811761 0.811761
689.946655 0.000000 1444.595825 0.000000 0.936067 0.000000 0.351821 0.793322 0.793322 0.793322
673.962280 0.000000 1468.580200 0.000000 0.805835 0.000000 -0.592141 0.809113 0.809113 0.809113
793.845093 0.000000 1174.771606 0.000000 0.993520 0.000000 -0.113658 0.802389 0.802389 0.802389
785.852905 0.000000 1180.767700 0.000000 0.989323 0.000000 0.145740 0.797634 0.797634 0.797634
785.852905 0.000000 1186.763794 0.000000 0.989628 0.000000 0.143653 0.796718 0.796718 0.796718
790.070557 0.000000 1182.789062 0.000000 0.503082 0.000000 -0.864239 0.830640 0.830640 0.830640
793.845093 0.000000 1180.767700 0.000000 0.982955 0.000000 0.183844 0.794572 0.794572 0.794572
793.845093 0.000000 1186.763794 0.000000 0.998160 0.000000 0.060635 0.797892 0.797892 0.797892
798.062744 0.000000 1182.789062 0.000000 0.057426 0.000000 0.998350 0.753756 0.753756 0.753756
785.852905 0.000000 1192.759888 0.000000 0.844520 0.000000 0.535524 0.786456 0.786456 0.786456
790.070557 0.000000 1188.785156 0.000000 0.907156 0.000000 0.420794 0.785687 0.785687 0.785687
785.852905 0.000000 1198.755981 0.000000 0.844243 0.000000 -0.535960 0.809490 0.809490 0.809490
790.070557 0.000000 1194.781250 0.000000 0.995064 0.000000 0.099232 0.797260 0.797260 0.797260
793.845093 0.000000 1192.759888 0.000000 0.156379 0.000000 -0.987697 0.842355 0.842355 0.842355
798.062744 0.000000 1188.785156 0.000000 0.996458 0.000000 -0.084092 0.802573 0.802573 0.802573
793.845093 0.000000 1198.755981 0.000000 0.870328 0.000000 0.492473 0.789510 0.789510 0.789510
801.837280 0.000000 1168.775513 0.000000 0.696914 0.000000 -0.717154 0.811021 0.811021 0.811021
801.837280 0.000000 1174.771606 0.000000 0.902524 0.000000 0.430639 0.789597 0.789597 0.789597
809.829468 0.000000 1174.771606 0.000000 0.612056 0.000000 0.790814 0.787430 0.787430 0.787430
801.837280 0.000000 1180.767700 0.000000 0.727959 0.000000 -0.685621 0.821274 0.821274 0.821274
801.837280 0.000000 1186.763794 0.000000 0.991974 0.000000 -0.126441 0.803646 0.803646 0.803646
809.829468 0.000000 1180.767700 0.000000 0.880921 0.000000 -0.473264 0.807089 0.807089 0.807089
801.837280 0.000000 1192.759888 0.000000 0.598268 0.000000 -0.801296 0.820605 0.820605 0.820605
801.837280 0.000000 1198.755981 0.000000 0.007545 0.000000 -0.999972 0.821543 0.821543 0.821543
769.868530 0.000000 1324.673950 0.000000 0.393397 0.000000 -0.919369 0.820269 0.820269 0.820269
777.860718 0.000000 1330.670044 0.000000 0.837139 0.000000 -0.546991 0.810403 0.810403 0.810403
774.086182 0.000000 1338.687500 0.000000 0.999984 0.000000 0.005640 0.799804 0.799804 0.799804
768.671936 0.000000 1338.530273 0.000000 0.592121 0.000000 0.805849 0.756204 0.756204 0.756204
777.860718 0.000000 1336.666138 0.000000 0.862755 0.000000 0.505623 0.785389 0.785389 0.785389
777.860718 0.000000 1342.662231 0.000000 0.717064 0.000000 -0.697008 0.829574 0.829574 0.829574
785.852905 0.000000 1342.662231 0.000000 0.703445 0.000000 -0.710750 0.812316 0.812316 0.812316
774.086182 0.000000 1344.683594 0.000000 0.650079 0.000000 -0.759867 0.839303 0.839303 0.839303
774.086182 0.000000 1350.679688 0.000000 0.117284 0.000000 0.993098 0.733824 0.733824 0.733824
777.860718 0.000000 1348.658325 0.000000 0.977388 0.000000 -0.211454 0.808681 0.808681 0.808681
777.860718 0.000000 1354.654419 0.000000 0.922676 0.000000 0.385577 0.784347 0.784347 0.784347
774.086182 0.000000 1356.675781 0.000000 0.001529 0.000000 -0.999999 0.869579 0.869579 0.869579
774.086182 0.000000 1362.671875 0.000000 0.344247 0.000000 -0.938879 0.843836 0.843836 0.843836
768.671936 0.000000 1362.514648 0.000000 0.489985 0.000000 0.871731 0.756229 0.756229 0.756229
777.860718 0.000000 1360.650513 0.000000 0.036987 0.000000 -0.999316 0.856060 0.856060 0.856060
777.860718 0.000000 1366.646606 0.000000 0.547595 0.000000 -0.836744 0.826134 0.826134 0.826134
785.852905 0.000000 1348.658325 0.000000 0.822459 0.000000 -0.568825 0.811601 0.811601 0.811601
785.852905 0.000000 1354.654419 0.000000 0.971476 0.000000 -0.237138 0.804160 0.804160 0.804160
769.868530 0.000000 1372.642700 0.000000 0.691320 0.000000 -0.722549 0.822256 0.822256 0.822256
774.086182 0.000000 1368.667969 0.000000 0.388011 0.000000 0.921655 0.766986 0.766986 0.766986
769.868530 0.000000 1378.638794 0.000000 0.797327 0.000000 -0.603547 0.808929 0.808929 0.808929
777.860718 0.000000 1372.642700 0.000000 0.652857 0.000000 -0.757481 0.815449 0.815449 0.815449
"}
