object={
	name="tree_leaf_01_single_generator_1_0"
	render_pass=Map
	clamp_to_water_level=no
	generated_content=yes
	layer="tree_high_layer"
	pdxmesh="tree_leaf_01_single_a_mesh"
	count=772
	transform="570.063843 0.000000 940.923950 0.000000 0.971986 0.000000 -0.235041 0.702902 0.702902 0.702902
574.281494 0.000000 936.949219 0.000000 0.463789 0.000000 0.885946 0.677172 0.677172 0.677172
570.063843 0.000000 946.920044 0.000000 0.739056 0.000000 0.673644 0.692250 0.692250 0.692250
574.281494 0.000000 942.945312 0.000000 0.689475 0.000000 0.724310 0.664610 0.664610 0.664610
575.278198 0.000000 945.924377 0.000000 0.035084 0.000000 -0.999384 0.769778 0.769778 0.769778
574.281494 0.000000 948.941406 0.000000 0.467647 0.000000 0.883915 0.654528 0.654528 0.654528
618.016968 0.000000 910.943481 0.000000 0.944029 0.000000 -0.329862 0.705875 0.705875 0.705875
578.056030 0.000000 922.935669 0.000000 0.794437 0.000000 -0.607347 0.709125 0.709125 0.709125
582.273682 0.000000 918.960938 0.000000 0.940958 0.000000 -0.338525 0.706639 0.706639 0.706639
586.048218 0.000000 916.939575 0.000000 0.999989 0.000000 -0.004644 0.700130 0.700130 0.700130
586.048218 0.000000 922.935669 0.000000 0.392208 0.000000 0.919877 0.597962 0.597962 0.597962
590.265869 0.000000 918.960938 0.000000 0.445891 0.000000 0.895087 0.630253 0.630253 0.630253
584.851624 0.000000 918.803650 0.000000 0.832826 0.000000 -0.553534 0.718452 0.718452 0.718452
591.262573 0.000000 921.940002 0.000000 0.939783 0.000000 -0.341772 0.729259 0.729259 0.729259
587.510925 0.000000 920.042175 0.000000 0.321524 0.000000 -0.946902 0.780403 0.780403 0.780403
588.722961 0.000000 922.630554 0.000000 0.769834 0.000000 0.638245 0.631047 0.631047 0.631047
578.056030 0.000000 928.931763 0.000000 0.983519 0.000000 0.180807 0.693646 0.693646 0.693646
582.273682 0.000000 924.957031 0.000000 0.297984 0.000000 -0.954571 0.768706 0.768706 0.768706
583.270386 0.000000 927.936096 0.000000 0.320697 0.000000 -0.947182 0.778285 0.778285 0.778285
578.056030 0.000000 934.927856 0.000000 0.987776 0.000000 0.155878 0.694803 0.694803 0.694803
582.273682 0.000000 930.953125 0.000000 0.259430 0.000000 -0.965762 0.773167 0.773167 0.773167
583.270386 0.000000 933.932190 0.000000 0.215342 0.000000 -0.976539 0.752048 0.752048 0.752048
586.048218 0.000000 928.931763 0.000000 0.948358 0.000000 0.317202 0.670668 0.670668 0.670668
590.265869 0.000000 924.957031 0.000000 0.501123 0.000000 -0.865376 0.816979 0.816979 0.816979
584.851624 0.000000 924.799744 0.000000 0.977552 0.000000 0.210692 0.683677 0.683677 0.683677
591.262573 0.000000 927.936096 0.000000 0.044446 0.000000 0.999012 0.523952 0.523952 0.523952
587.510925 0.000000 926.038269 0.000000 0.138220 0.000000 0.990402 0.559845 0.559845 0.559845
583.547119 0.000000 927.600647 0.000000 0.904955 0.000000 0.425506 0.672348 0.672348 0.672348
588.722961 0.000000 928.626648 0.000000 0.235560 0.000000 0.971860 0.571876 0.571876 0.571876
587.903381 0.000000 923.421387 0.000000 0.858209 0.000000 -0.513300 0.747100 0.747100 0.747100
585.558655 0.000000 926.760681 0.000000 0.917146 0.000000 -0.398551 0.733671 0.733671 0.733671
589.323486 0.000000 926.782166 0.000000 0.857934 0.000000 -0.513759 0.758462 0.758462 0.758462
591.390625 0.000000 923.404968 0.000000 0.494172 0.000000 -0.869364 0.808666 0.808666 0.808666
586.048218 0.000000 934.927856 0.000000 0.994636 0.000000 -0.103433 0.703078 0.703078 0.703078
590.265869 0.000000 930.953125 0.000000 0.596801 0.000000 0.802389 0.631645 0.631645 0.631645
584.851624 0.000000 930.795837 0.000000 0.745745 0.000000 0.666232 0.655402 0.655402 0.655402
591.262573 0.000000 933.932190 0.000000 0.748395 0.000000 -0.663253 0.745622 0.745622 0.745622
587.903381 0.000000 929.417480 0.000000 0.408913 0.000000 0.912573 0.595537 0.595537 0.595537
591.390625 0.000000 929.401062 0.000000 0.890387 0.000000 -0.455205 0.747077 0.747077 0.747077
594.040405 0.000000 916.939575 0.000000 0.520637 0.000000 -0.853778 0.730398 0.730398 0.730398
594.040405 0.000000 922.935669 0.000000 0.863174 0.000000 -0.504906 0.735148 0.735148 0.735148
592.843811 0.000000 918.803650 0.000000 0.990912 0.000000 -0.134515 0.708017 0.708017 0.708017
595.503113 0.000000 920.042175 0.000000 0.844599 0.000000 0.535400 0.670379 0.670379 0.670379
591.539307 0.000000 921.604553 0.000000 0.057366 0.000000 -0.998353 0.826950 0.826950 0.826950
606.250244 0.000000 918.960938 0.000000 0.916241 0.000000 -0.400627 0.711526 0.711526 0.711526
607.246948 0.000000 921.940002 0.000000 0.709233 0.000000 -0.704974 0.728713 0.728713 0.728713
594.040405 0.000000 928.931763 0.000000 0.061251 0.000000 -0.998122 0.797606 0.797606 0.797606
592.843811 0.000000 924.799744 0.000000 0.260521 0.000000 -0.965468 0.832501 0.832501 0.832501
595.503113 0.000000 926.038269 0.000000 0.966835 0.000000 0.255402 0.681044 0.681044 0.681044
591.539307 0.000000 927.600647 0.000000 0.844281 0.000000 -0.535900 0.765234 0.765234 0.765234
593.550842 0.000000 926.760681 0.000000 0.991921 0.000000 0.126854 0.686885 0.686885 0.686885
594.040405 0.000000 934.927856 0.000000 0.818792 0.000000 0.574091 0.664735 0.664735 0.664735
592.843811 0.000000 930.795837 0.000000 0.505724 0.000000 0.862695 0.625442 0.625442 0.625442
595.503113 0.000000 932.034363 0.000000 0.720604 0.000000 0.693347 0.658495 0.658495 0.658495
591.539307 0.000000 933.596741 0.000000 0.966696 0.000000 -0.255929 0.716282 0.716282 0.716282
606.250244 0.000000 924.957031 0.000000 0.009375 0.000000 0.999956 0.645426 0.645426 0.645426
578.056030 0.000000 940.923950 0.000000 0.792977 0.000000 0.609252 0.669088 0.669088 0.669088
582.273682 0.000000 936.949219 0.000000 0.956046 0.000000 0.293216 0.692199 0.692199 0.692199
576.859436 0.000000 936.791931 0.000000 0.182150 0.000000 -0.983271 0.741225 0.741225 0.741225
578.056030 0.000000 946.920044 0.000000 0.898330 0.000000 -0.439321 0.725436 0.725436 0.725436
582.273682 0.000000 942.945312 0.000000 0.585185 0.000000 -0.810900 0.724790 0.724790 0.724790
576.859436 0.000000 942.788025 0.000000 0.227556 0.000000 0.973765 0.624995 0.624995 0.624995
579.518738 0.000000 944.026550 0.000000 0.145533 0.000000 -0.989353 0.779676 0.779676 0.779676
586.048218 0.000000 940.923950 0.000000 0.812349 0.000000 -0.583172 0.716321 0.716321 0.716321
590.265869 0.000000 936.949219 0.000000 0.097626 0.000000 -0.995223 0.790098 0.790098 0.790098
591.262573 0.000000 939.928284 0.000000 0.281078 0.000000 0.959685 0.610113 0.610113 0.610113
590.265869 0.000000 942.945312 0.000000 0.182088 0.000000 0.983282 0.612696 0.612696 0.612696
591.262573 0.000000 945.924377 0.000000 0.978532 0.000000 -0.206096 0.710883 0.710883 0.710883
578.056030 0.000000 952.916138 0.000000 0.745214 0.000000 0.666825 0.675763 0.675763 0.675763
582.273682 0.000000 948.941406 0.000000 0.022872 0.000000 0.999738 0.659423 0.659423 0.659423
576.859436 0.000000 948.784119 0.000000 0.133354 0.000000 0.991068 0.622148 0.622148 0.622148
579.518738 0.000000 950.022644 0.000000 0.905809 0.000000 -0.423687 0.719879 0.719879 0.719879
586.048218 0.000000 952.916138 0.000000 0.968286 0.000000 0.249844 0.696470 0.696470 0.696470
590.265869 0.000000 948.941406 0.000000 0.995462 0.000000 -0.095164 0.704497 0.704497 0.704497
591.262573 0.000000 951.920471 0.000000 0.494072 0.000000 0.869421 0.644740 0.644740 0.644740
586.048218 0.000000 958.912231 0.000000 0.118025 0.000000 0.993011 0.646694 0.646694 0.646694
590.265869 0.000000 954.937500 0.000000 0.564897 0.000000 -0.825162 0.762752 0.762752 0.762752
591.262573 0.000000 957.916565 0.000000 0.913584 0.000000 -0.406651 0.727079 0.727079 0.727079
594.040405 0.000000 940.923950 0.000000 0.220831 0.000000 0.975312 0.570422 0.570422 0.570422
598.258057 0.000000 936.949219 0.000000 0.001706 0.000000 -0.999999 0.752100 0.752100 0.752100
592.843811 0.000000 936.791931 0.000000 0.394379 0.000000 0.918948 0.614461 0.614461 0.614461
599.254761 0.000000 939.928284 0.000000 0.998016 0.000000 -0.062966 0.702863 0.702863 0.702863
595.503113 0.000000 938.030457 0.000000 0.424263 0.000000 0.905539 0.603009 0.603009 0.603009
591.539307 0.000000 939.592834 0.000000 0.455715 0.000000 0.890126 0.623273 0.623273 0.623273
596.715149 0.000000 940.618835 0.000000 0.955635 0.000000 -0.294553 0.725603 0.725603 0.725603
593.550842 0.000000 938.752869 0.000000 0.128021 0.000000 -0.991771 0.828559 0.828559 0.828559
594.040405 0.000000 946.920044 0.000000 0.534076 0.000000 -0.845436 0.805629 0.805629 0.805629
598.258057 0.000000 942.945312 0.000000 0.859325 0.000000 -0.511431 0.740342 0.740342 0.740342
592.843811 0.000000 942.788025 0.000000 0.242849 0.000000 0.970064 0.581863 0.581863 0.581863
599.254761 0.000000 945.924377 0.000000 0.855034 0.000000 0.518571 0.654268 0.654268 0.654268
595.503113 0.000000 944.026550 0.000000 0.486716 0.000000 -0.873560 0.805835 0.805835 0.805835
596.715149 0.000000 946.614929 0.000000 0.460916 0.000000 0.887444 0.574075 0.574075 0.574075
595.895569 0.000000 941.409668 0.000000 0.850624 0.000000 -0.525775 0.753213 0.753213 0.753213
593.550842 0.000000 944.748962 0.000000 0.700342 0.000000 0.713808 0.634708 0.634708 0.634708
597.315674 0.000000 944.770447 0.000000 0.850670 0.000000 -0.525701 0.757074 0.757074 0.757074
602.032593 0.000000 940.923950 0.000000 0.171657 0.000000 -0.985157 0.714662 0.714662 0.714662
602.032593 0.000000 946.920044 0.000000 0.444950 0.000000 -0.895555 0.773692 0.773692 0.773692
606.250244 0.000000 942.945312 0.000000 0.808469 0.000000 -0.588539 0.715395 0.715395 0.715395
600.835999 0.000000 942.788025 0.000000 0.666876 0.000000 -0.745169 0.738203 0.738203 0.738203
607.246948 0.000000 945.924377 0.000000 0.794534 0.000000 0.607219 0.668069 0.668069 0.668069
603.495300 0.000000 944.026550 0.000000 0.195992 0.000000 -0.980605 0.767210 0.767210 0.767210
599.531494 0.000000 945.588928 0.000000 0.845270 0.000000 -0.534339 0.747288 0.747288 0.747288
604.707336 0.000000 946.614929 0.000000 0.802901 0.000000 -0.596113 0.741296 0.741296 0.741296
594.040405 0.000000 952.916138 0.000000 0.399152 0.000000 0.916885 0.560099 0.560099 0.560099
598.258057 0.000000 948.941406 0.000000 0.620007 0.000000 -0.784596 0.800890 0.800890 0.800890
592.843811 0.000000 948.784119 0.000000 0.837426 0.000000 -0.546551 0.748505 0.748505 0.748505
599.254761 0.000000 951.920471 0.000000 0.076291 0.000000 -0.997086 0.867145 0.867145 0.867145
595.503113 0.000000 950.022644 0.000000 0.991516 0.000000 -0.129987 0.715491 0.715491 0.715491
596.715149 0.000000 952.611023 0.000000 0.902189 0.000000 -0.431340 0.756116 0.756116 0.756116
595.895569 0.000000 947.405762 0.000000 0.934610 0.000000 0.355675 0.661871 0.661871 0.661871
593.550842 0.000000 950.745056 0.000000 0.987412 0.000000 0.158171 0.685566 0.685566 0.685566
597.315674 0.000000 950.766541 0.000000 0.995936 0.000000 0.090068 0.688652 0.688652 0.688652
594.040405 0.000000 958.912231 0.000000 0.194579 0.000000 -0.980887 0.841769 0.841769 0.841769
598.258057 0.000000 954.937500 0.000000 0.868989 0.000000 0.494831 0.640295 0.640295 0.640295
592.843811 0.000000 954.780212 0.000000 0.976082 0.000000 0.217401 0.680851 0.680851 0.680851
599.254761 0.000000 957.916565 0.000000 0.488803 0.000000 0.872394 0.581435 0.581435 0.581435
595.503113 0.000000 956.018738 0.000000 0.420042 0.000000 -0.907504 0.823227 0.823227 0.823227
591.539307 0.000000 957.581116 0.000000 0.178190 0.000000 -0.983996 0.789985 0.789985 0.789985
596.715149 0.000000 958.607117 0.000000 0.463076 0.000000 0.886318 0.580067 0.580067 0.580067
595.895569 0.000000 953.401855 0.000000 0.836924 0.000000 0.547318 0.630163 0.630163 0.630163
593.550842 0.000000 956.741150 0.000000 0.167924 0.000000 -0.985800 0.817612 0.817612 0.817612
597.315674 0.000000 956.762634 0.000000 0.566544 0.000000 0.824031 0.586601 0.586601 0.586601
599.382812 0.000000 953.385437 0.000000 0.999990 0.000000 0.004471 0.699484 0.699484 0.699484
594.214355 0.000000 953.671509 0.000000 0.412793 0.000000 -0.910825 0.838101 0.838101 0.838101
602.032593 0.000000 952.916138 0.000000 0.710027 0.000000 0.704175 0.649483 0.649483 0.649483
606.250244 0.000000 948.941406 0.000000 0.997683 0.000000 0.068029 0.694527 0.694527 0.694527
600.835999 0.000000 948.784119 0.000000 0.380746 0.000000 0.924680 0.594813 0.594813 0.594813
607.246948 0.000000 951.920471 0.000000 0.085673 0.000000 -0.996323 0.819379 0.819379 0.819379
603.495300 0.000000 950.022644 0.000000 0.596059 0.000000 -0.802941 0.768423 0.768423 0.768423
599.531494 0.000000 951.585022 0.000000 0.970322 0.000000 -0.241817 0.727317 0.727317 0.727317
601.543030 0.000000 950.745056 0.000000 0.589104 0.000000 -0.808057 0.785499 0.785499 0.785499
602.032593 0.000000 958.912231 0.000000 0.790069 0.000000 -0.613019 0.746128 0.746128 0.746128
606.250244 0.000000 954.937500 0.000000 0.032938 0.000000 0.999457 0.592499 0.592499 0.592499
600.835999 0.000000 954.780212 0.000000 0.994907 0.000000 -0.100799 0.708823 0.708823 0.708823
607.246948 0.000000 957.916565 0.000000 0.036512 0.000000 0.999333 0.608837 0.608837 0.608837
603.495300 0.000000 956.018738 0.000000 0.401933 0.000000 -0.915669 0.770779 0.770779 0.770779
599.531494 0.000000 957.581116 0.000000 0.985393 0.000000 -0.170293 0.719140 0.719140 0.719140
601.543030 0.000000 956.741150 0.000000 0.028296 0.000000 -0.999600 0.842869 0.842869 0.842869
610.024780 0.000000 916.939575 0.000000 0.978401 0.000000 0.206714 0.687992 0.687992 0.687992
614.242432 0.000000 912.964844 0.000000 0.362645 0.000000 -0.931928 0.727255 0.727255 0.727255
615.239136 0.000000 915.943909 0.000000 0.348035 0.000000 -0.937482 0.763716 0.763716 0.763716
612.699524 0.000000 916.634460 0.000000 0.930419 0.000000 -0.366497 0.730821 0.730821 0.730821
610.024780 0.000000 922.935669 0.000000 0.999752 0.000000 -0.022272 0.702842 0.702842 0.702842
614.242432 0.000000 918.960938 0.000000 0.916843 0.000000 -0.399248 0.754547 0.754547 0.754547
608.828186 0.000000 918.803650 0.000000 0.571081 0.000000 -0.820893 0.757218 0.757218 0.757218
615.239136 0.000000 921.940002 0.000000 0.233384 0.000000 0.972385 0.482990 0.482990 0.482990
611.487488 0.000000 920.042175 0.000000 0.769913 0.000000 -0.638149 0.783455 0.783455 0.783455
612.699524 0.000000 922.630554 0.000000 0.401971 0.000000 0.915652 0.515982 0.515982 0.515982
609.535217 0.000000 920.764587 0.000000 0.953398 0.000000 0.301717 0.675361 0.675361 0.675361
613.300049 0.000000 920.786072 0.000000 0.923907 0.000000 0.382617 0.636188 0.636188 0.636188
618.016968 0.000000 916.939575 0.000000 0.784497 0.000000 0.620133 0.650903 0.650903 0.650903
622.234619 0.000000 912.964844 0.000000 0.162750 0.000000 -0.986667 0.734432 0.734432 0.734432
619.479675 0.000000 914.046082 0.000000 0.360935 0.000000 -0.932591 0.754594 0.754594 0.754594
618.016968 0.000000 922.935669 0.000000 0.687733 0.000000 -0.725964 0.783768 0.783768 0.783768
622.234619 0.000000 918.960938 0.000000 0.809443 0.000000 -0.587199 0.720839 0.720839 0.720839
616.820374 0.000000 918.803650 0.000000 0.258537 0.000000 -0.966001 0.857878 0.857878 0.857878
619.479675 0.000000 920.042175 0.000000 0.969882 0.000000 0.243575 0.673340 0.673340 0.673340
615.515869 0.000000 921.604553 0.000000 0.123257 0.000000 -0.992375 0.935211 0.935211 0.935211
619.872131 0.000000 917.425293 0.000000 0.382842 0.000000 0.923814 0.613542 0.613542 0.613542
617.527405 0.000000 920.764587 0.000000 0.853052 0.000000 -0.521825 0.777712 0.777712 0.777712
616.267517 0.000000 923.182068 0.000000 0.566853 0.000000 0.823819 0.562959 0.562959 0.562959
615.629211 0.000000 919.993225 0.000000 0.990428 0.000000 0.138032 0.681608 0.681608 0.681608
610.024780 0.000000 928.931763 0.000000 0.273784 0.000000 0.961791 0.636707 0.636707 0.636707
614.242432 0.000000 924.957031 0.000000 0.985462 0.000000 0.169893 0.673447 0.673447 0.673447
608.828186 0.000000 924.799744 0.000000 0.989549 0.000000 -0.144196 0.710874 0.710874 0.710874
615.239136 0.000000 927.936096 0.000000 0.713882 0.000000 -0.700266 0.786766 0.786766 0.786766
611.487488 0.000000 926.038269 0.000000 0.883332 0.000000 0.468748 0.659075 0.659075 0.659075
612.699524 0.000000 928.626648 0.000000 0.979298 0.000000 -0.202422 0.713536 0.713536 0.713536
611.879944 0.000000 923.421387 0.000000 0.423780 0.000000 0.905765 0.555436 0.555436 0.555436
613.300049 0.000000 926.782166 0.000000 0.696604 0.000000 -0.717456 0.786696 0.786696 0.786696
615.367188 0.000000 923.404968 0.000000 0.868016 0.000000 -0.496537 0.787173 0.787173 0.787173
610.198730 0.000000 923.691040 0.000000 0.087777 0.000000 0.996140 0.510820 0.510820 0.510820
613.535095 0.000000 923.481384 0.000000 0.999568 0.000000 0.029389 0.695326 0.695326 0.695326
614.242432 0.000000 930.953125 0.000000 0.689110 0.000000 -0.724657 0.725497 0.725497 0.725497
618.016968 0.000000 928.931763 0.000000 0.824877 0.000000 0.565313 0.677951 0.677951 0.677951
616.820374 0.000000 924.799744 0.000000 0.176128 0.000000 -0.984367 0.872934 0.872934 0.872934
619.479675 0.000000 926.038269 0.000000 0.669239 0.000000 -0.743047 0.749769 0.749769 0.749769
615.515869 0.000000 927.600647 0.000000 0.996936 0.000000 -0.078222 0.708758 0.708758 0.708758
619.872131 0.000000 923.421387 0.000000 0.812902 0.000000 0.582400 0.635900 0.635900 0.635900
617.527405 0.000000 926.760681 0.000000 0.965286 0.000000 -0.261195 0.724014 0.724014 0.724014
615.629211 0.000000 925.989319 0.000000 0.171591 0.000000 -0.985168 0.917493 0.917493 0.917493
626.009155 0.000000 916.939575 0.000000 0.971709 0.000000 -0.236183 0.702917 0.702917 0.702917
626.009155 0.000000 928.931763 0.000000 0.001454 0.000000 0.999999 0.683545 0.683545 0.683545
626.009155 0.000000 934.927856 0.000000 0.962051 0.000000 0.272871 0.690823 0.690823 0.690823
630.226807 0.000000 930.953125 0.000000 0.547090 0.000000 0.837074 0.660131 0.660131 0.660131
631.223511 0.000000 933.932190 0.000000 0.838621 0.000000 0.544715 0.665772 0.665772 0.665772
634.001343 0.000000 928.931763 0.000000 0.664953 0.000000 0.746885 0.679366 0.679366 0.679366
634.001343 0.000000 934.927856 0.000000 0.451659 0.000000 0.892190 0.634511 0.634511 0.634511
632.804749 0.000000 930.795837 0.000000 0.519846 0.000000 0.854260 0.653467 0.653467 0.653467
635.464050 0.000000 932.034363 0.000000 0.605132 0.000000 0.796125 0.650112 0.650112 0.650112
631.500244 0.000000 933.596741 0.000000 0.370360 0.000000 0.928888 0.629210 0.629210 0.629210
610.024780 0.000000 946.920044 0.000000 0.982907 0.000000 0.184101 0.681880 0.681880 0.681880
614.242432 0.000000 942.945312 0.000000 0.713588 0.000000 -0.700566 0.747476 0.747476 0.747476
608.828186 0.000000 942.788025 0.000000 0.923649 0.000000 -0.383239 0.711685 0.711685 0.711685
615.239136 0.000000 945.924377 0.000000 0.790605 0.000000 0.612327 0.635507 0.635507 0.635507
611.487488 0.000000 944.026550 0.000000 0.616541 0.000000 -0.787322 0.757028 0.757028 0.757028
612.699524 0.000000 946.614929 0.000000 0.075851 0.000000 -0.997119 0.875032 0.875032 0.875032
618.016968 0.000000 940.923950 0.000000 0.765686 0.000000 0.643215 0.652380 0.652380 0.652380
622.234619 0.000000 936.949219 0.000000 0.424425 0.000000 0.905463 0.672293 0.672293 0.672293
623.231323 0.000000 939.928284 0.000000 0.524705 0.000000 0.851284 0.651946 0.651946 0.651946
619.479675 0.000000 938.030457 0.000000 0.919901 0.000000 -0.392150 0.718310 0.718310 0.718310
620.691711 0.000000 940.618835 0.000000 0.769057 0.000000 -0.639180 0.749685 0.749685 0.749685
618.016968 0.000000 946.920044 0.000000 0.964749 0.000000 -0.263173 0.732578 0.732578 0.732578
622.234619 0.000000 942.945312 0.000000 0.426567 0.000000 0.904456 0.615077 0.615077 0.615077
616.820374 0.000000 942.788025 0.000000 0.051731 0.000000 -0.998661 0.819459 0.819459 0.819459
623.231323 0.000000 945.924377 0.000000 0.125227 0.000000 0.992128 0.576242 0.576242 0.576242
619.479675 0.000000 944.026550 0.000000 0.973608 0.000000 0.228228 0.673442 0.673442 0.673442
615.515869 0.000000 945.588928 0.000000 0.662209 0.000000 -0.749319 0.782895 0.782895 0.782895
620.691711 0.000000 946.614929 0.000000 0.995946 0.000000 -0.089958 0.709918 0.709918 0.709918
617.527405 0.000000 944.748962 0.000000 0.817455 0.000000 0.575992 0.635638 0.635638 0.635638
621.292236 0.000000 944.770447 0.000000 0.076662 0.000000 -0.997057 0.869715 0.869715 0.869715
616.267517 0.000000 947.166443 0.000000 0.999982 0.000000 -0.006072 0.700817 0.700817 0.700817
610.024780 0.000000 952.916138 0.000000 0.991102 0.000000 0.133101 0.677370 0.677370 0.677370
614.242432 0.000000 948.941406 0.000000 0.946703 0.000000 -0.322107 0.753301 0.753301 0.753301
608.828186 0.000000 948.784119 0.000000 0.025904 0.000000 0.999664 0.516412 0.516412 0.516412
615.239136 0.000000 951.920471 0.000000 0.861628 0.000000 -0.507540 0.797680 0.797680 0.797680
611.487488 0.000000 950.022644 0.000000 0.646478 0.000000 -0.762933 0.836496 0.836496 0.836496
607.523682 0.000000 951.585022 0.000000 0.866123 0.000000 -0.499832 0.742076 0.742076 0.742076
612.699524 0.000000 952.611023 0.000000 0.964745 0.000000 0.263186 0.646942 0.646942 0.646942
611.879944 0.000000 947.405762 0.000000 0.858500 0.000000 -0.512814 0.752696 0.752696 0.752696
609.535217 0.000000 950.745056 0.000000 0.067274 0.000000 0.997735 0.510824 0.510824 0.510824
613.300049 0.000000 950.766541 0.000000 0.999515 0.000000 0.031144 0.694393 0.694393 0.694393
615.367188 0.000000 947.389343 0.000000 0.695223 0.000000 -0.718794 0.807929 0.807929 0.807929
608.275330 0.000000 953.162537 0.000000 0.263841 0.000000 -0.964566 0.854937 0.854937 0.854937
611.227478 0.000000 951.719299 0.000000 0.878545 0.000000 0.477660 0.621675 0.621675 0.621675
612.636780 0.000000 948.898010 0.000000 0.746808 0.000000 0.665039 0.589384 0.589384 0.589384
614.156799 0.000000 952.865112 0.000000 0.184931 0.000000 -0.982751 0.983145 0.983145 0.983145
614.727295 0.000000 950.379150 0.000000 0.478023 0.000000 0.878347 0.503220 0.503220 0.503220
610.024780 0.000000 958.912231 0.000000 0.060851 0.000000 -0.998147 0.868876 0.868876 0.868876
614.242432 0.000000 954.937500 0.000000 0.394312 0.000000 -0.918976 0.948486 0.948486 0.948486
608.828186 0.000000 954.780212 0.000000 0.960125 0.000000 0.279571 0.668309 0.668309 0.668309
615.239136 0.000000 957.916565 0.000000 0.224866 0.000000 0.974390 0.460429 0.460429 0.460429
611.487488 0.000000 956.018738 0.000000 0.424638 0.000000 -0.905363 0.856315 0.856315 0.856315
607.523682 0.000000 957.581116 0.000000 0.261968 0.000000 -0.965077 0.777584 0.777584 0.777584
612.699524 0.000000 958.607117 0.000000 0.868749 0.000000 -0.495252 0.772437 0.772437 0.772437
611.879944 0.000000 953.401855 0.000000 0.827305 0.000000 0.561754 0.598883 0.598883 0.598883
609.535217 0.000000 956.741150 0.000000 0.548549 0.000000 -0.836118 0.793442 0.793442 0.793442
613.300049 0.000000 956.762634 0.000000 0.998596 0.000000 0.052973 0.691109 0.691109 0.691109
615.367188 0.000000 953.385437 0.000000 0.628457 0.000000 -0.777844 0.882227 0.882227 0.882227
610.198730 0.000000 953.671509 0.000000 0.063212 0.000000 0.998000 0.444448 0.444448 0.444448
611.227478 0.000000 957.715393 0.000000 0.303610 0.000000 -0.952796 0.874274 0.874274 0.874274
613.535095 0.000000 953.461853 0.000000 0.843735 0.000000 -0.536759 0.812879 0.812879 0.812879
612.636780 0.000000 954.894104 0.000000 0.132660 0.000000 -0.991162 0.986434 0.986434 0.986434
610.173828 0.000000 955.322449 0.000000 0.373686 0.000000 0.927555 0.509026 0.509026 0.509026
614.727295 0.000000 956.375244 0.000000 0.624874 0.000000 0.780726 0.540316 0.540316 0.540316
618.016968 0.000000 952.916138 0.000000 0.755864 0.000000 -0.654729 0.804787 0.804787 0.804787
622.234619 0.000000 948.941406 0.000000 0.242585 0.000000 -0.970130 0.804260 0.804260 0.804260
616.820374 0.000000 948.784119 0.000000 0.963014 0.000000 -0.269453 0.744818 0.744818 0.744818
623.231323 0.000000 951.920471 0.000000 0.322856 0.000000 0.946448 0.615347 0.615347 0.615347
619.479675 0.000000 950.022644 0.000000 0.565620 0.000000 -0.824666 0.833864 0.833864 0.833864
615.515869 0.000000 951.585022 0.000000 0.629864 0.000000 -0.776705 0.863205 0.863205 0.863205
620.691711 0.000000 952.611023 0.000000 0.591414 0.000000 -0.806368 0.798352 0.798352 0.798352
619.872131 0.000000 947.405762 0.000000 0.466165 0.000000 -0.884698 0.832832 0.832832 0.832832
617.527405 0.000000 950.745056 0.000000 0.955588 0.000000 0.294705 0.647199 0.647199 0.647199
621.292236 0.000000 950.766541 0.000000 0.940689 0.000000 0.339271 0.663100 0.663100 0.663100
618.190918 0.000000 947.675415 0.000000 0.486546 0.000000 0.873655 0.570003 0.570003 0.570003
616.267517 0.000000 953.162537 0.000000 0.233295 0.000000 -0.972406 0.938028 0.938028 0.938028
619.219666 0.000000 951.719299 0.000000 0.187593 0.000000 -0.982247 0.890810 0.890810 0.890810
615.629211 0.000000 949.973694 0.000000 0.245534 0.000000 0.969388 0.485024 0.485024 0.485024
618.016968 0.000000 958.912231 0.000000 0.860815 0.000000 -0.508919 0.760651 0.760651 0.760651
622.234619 0.000000 954.937500 0.000000 0.220620 0.000000 0.975360 0.612815 0.612815 0.612815
616.820374 0.000000 954.780212 0.000000 0.675755 0.000000 -0.737127 0.852083 0.852083 0.852083
623.231323 0.000000 957.916565 0.000000 0.969870 0.000000 0.243622 0.683657 0.683657 0.683657
619.479675 0.000000 956.018738 0.000000 0.263423 0.000000 -0.964680 0.877781 0.877781 0.877781
615.515869 0.000000 957.581116 0.000000 0.428372 0.000000 0.903602 0.498911 0.498911 0.498911
620.691711 0.000000 958.607117 0.000000 0.817547 0.000000 -0.575862 0.748259 0.748259 0.748259
619.872131 0.000000 953.401855 0.000000 0.833584 0.000000 0.552392 0.614090 0.614090 0.614090
617.527405 0.000000 956.741150 0.000000 0.819301 0.000000 0.573363 0.598627 0.598627 0.598627
621.292236 0.000000 956.762634 0.000000 0.489290 0.000000 -0.872121 0.801838 0.801838 0.801838
618.190918 0.000000 953.671509 0.000000 0.055940 0.000000 0.998434 0.477628 0.477628 0.477628
616.267517 0.000000 959.158630 0.000000 0.821743 0.000000 -0.569858 0.784769 0.784769 0.784769
619.219666 0.000000 957.715393 0.000000 0.530157 0.000000 0.847899 0.562051 0.562051 0.562051
615.629211 0.000000 955.969788 0.000000 0.549058 0.000000 0.835785 0.489021 0.489021 0.489021
615.920227 0.000000 953.677246 0.000000 0.768585 0.000000 -0.639748 0.841935 0.841935 0.841935
626.009155 0.000000 940.923950 0.000000 0.998177 0.000000 0.060354 0.697045 0.697045 0.697045
630.226807 0.000000 936.949219 0.000000 0.409509 0.000000 -0.912306 0.778303 0.778303 0.778303
631.223511 0.000000 939.928284 0.000000 0.423000 0.000000 0.906130 0.622708 0.622708 0.622708
626.009155 0.000000 946.920044 0.000000 0.906944 0.000000 -0.421251 0.719757 0.719757 0.719757
630.226807 0.000000 942.945312 0.000000 0.532843 0.000000 -0.846214 0.751128 0.751128 0.751128
624.812561 0.000000 942.788025 0.000000 0.983188 0.000000 -0.182597 0.711553 0.711553 0.711553
631.223511 0.000000 945.924377 0.000000 0.017688 0.000000 0.999844 0.621289 0.621289 0.621289
627.471863 0.000000 944.026550 0.000000 0.826878 0.000000 0.562381 0.667643 0.667643 0.667643
623.508057 0.000000 945.588928 0.000000 0.595438 0.000000 0.803402 0.620107 0.620107 0.620107
634.001343 0.000000 940.923950 0.000000 0.598901 0.000000 0.800823 0.657804 0.657804 0.657804
638.218994 0.000000 936.949219 0.000000 0.970096 0.000000 -0.242720 0.705141 0.705141 0.705141
632.804749 0.000000 936.791931 0.000000 0.855748 0.000000 0.517392 0.661036 0.661036 0.661036
635.464050 0.000000 938.030457 0.000000 0.772255 0.000000 -0.635313 0.737295 0.737295 0.737295
631.500244 0.000000 939.592834 0.000000 0.006003 0.000000 0.999982 0.593350 0.593350 0.593350
634.001343 0.000000 946.920044 0.000000 0.257012 0.000000 0.966408 0.656474 0.656474 0.656474
632.804749 0.000000 942.788025 0.000000 0.197620 0.000000 -0.980279 0.769526 0.769526 0.769526
626.009155 0.000000 952.916138 0.000000 0.411282 0.000000 -0.911508 0.738083 0.738083 0.738083
630.226807 0.000000 948.941406 0.000000 0.381670 0.000000 -0.924299 0.753579 0.753579 0.753579
624.812561 0.000000 948.784119 0.000000 0.686186 0.000000 -0.727426 0.742705 0.742705 0.742705
631.223511 0.000000 951.920471 0.000000 0.727867 0.000000 -0.685718 0.727730 0.727730 0.727730
623.508057 0.000000 951.585022 0.000000 0.876987 0.000000 0.480515 0.665837 0.665837 0.665837
626.009155 0.000000 958.912231 0.000000 0.833836 0.000000 0.552012 0.682627 0.682627 0.682627
630.226807 0.000000 954.937500 0.000000 0.977949 0.000000 -0.208842 0.704044 0.704044 0.704044
624.812561 0.000000 954.780212 0.000000 0.932510 0.000000 -0.361144 0.714852 0.714852 0.714852
623.508057 0.000000 957.581116 0.000000 0.988916 0.000000 -0.148477 0.709897 0.709897 0.709897
634.001343 0.000000 952.916138 0.000000 0.980346 0.000000 0.197285 0.696530 0.696530 0.696530
632.804749 0.000000 948.784119 0.000000 0.269318 0.000000 0.963051 0.645555 0.645555 0.645555
582.273682 0.000000 960.933594 0.000000 0.998374 0.000000 0.057008 0.698904 0.698904 0.698904
586.048218 0.000000 964.908325 0.000000 0.456832 0.000000 -0.889553 0.730656 0.730656 0.730656
590.265869 0.000000 960.933594 0.000000 0.735432 0.000000 0.677599 0.658366 0.658366 0.658366
584.851624 0.000000 960.776306 0.000000 0.764395 0.000000 -0.644748 0.722041 0.722041 0.722041
591.262573 0.000000 963.912659 0.000000 0.995104 0.000000 -0.098836 0.704152 0.704152 0.704152
594.040405 0.000000 964.908325 0.000000 0.520157 0.000000 -0.854071 0.746517 0.746517 0.746517
598.258057 0.000000 960.933594 0.000000 0.817706 0.000000 -0.575637 0.767532 0.767532 0.767532
592.843811 0.000000 960.776306 0.000000 0.038449 0.000000 -0.999261 0.807115 0.807115 0.807115
599.254761 0.000000 963.912659 0.000000 0.591523 0.000000 0.806288 0.614774 0.614774 0.614774
595.503113 0.000000 962.014832 0.000000 0.675187 0.000000 0.737647 0.644909 0.644909 0.644909
595.895569 0.000000 959.397949 0.000000 0.893302 0.000000 -0.449457 0.748064 0.748064 0.748064
599.382812 0.000000 959.381531 0.000000 0.730343 0.000000 0.683080 0.615895 0.615895 0.615895
594.040405 0.000000 970.904419 0.000000 0.210546 0.000000 -0.977584 0.714246 0.714246 0.714246
598.258057 0.000000 966.929688 0.000000 0.581643 0.000000 0.813444 0.640230 0.640230 0.640230
599.254761 0.000000 969.908752 0.000000 0.952088 0.000000 0.305824 0.686421 0.686421 0.686421
602.032593 0.000000 964.908325 0.000000 0.396546 0.000000 0.918015 0.610569 0.610569 0.610569
606.250244 0.000000 960.933594 0.000000 0.774236 0.000000 0.632898 0.668862 0.668862 0.668862
600.835999 0.000000 960.776306 0.000000 0.022671 0.000000 0.999743 0.532261 0.532261 0.532261
607.246948 0.000000 963.912659 0.000000 0.817784 0.000000 0.575525 0.676423 0.676423 0.676423
603.495300 0.000000 962.014832 0.000000 0.998127 0.000000 -0.061170 0.704920 0.704920 0.704920
599.531494 0.000000 963.577209 0.000000 0.415474 0.000000 0.909605 0.596191 0.596191 0.596191
601.543030 0.000000 962.737244 0.000000 0.318914 0.000000 -0.947784 0.817605 0.817605 0.817605
602.032593 0.000000 970.904419 0.000000 0.215620 0.000000 0.976477 0.643233 0.643233 0.643233
606.250244 0.000000 966.929688 0.000000 0.367236 0.000000 0.930128 0.647801 0.647801 0.647801
600.835999 0.000000 966.772400 0.000000 0.485678 0.000000 -0.874138 0.778071 0.778071 0.778071
607.246948 0.000000 969.908752 0.000000 0.975512 0.000000 0.219946 0.689149 0.689149 0.689149
603.495300 0.000000 968.010925 0.000000 0.964922 0.000000 0.262538 0.685144 0.685144 0.685144
603.887756 0.000000 965.394043 0.000000 0.208292 0.000000 0.978067 0.595350 0.595350 0.595350
598.258057 0.000000 972.925781 0.000000 0.479514 0.000000 -0.877534 0.722454 0.722454 0.722454
606.250244 0.000000 972.925781 0.000000 0.029173 0.000000 0.999574 0.640730 0.640730 0.640730
610.024780 0.000000 964.908325 0.000000 0.975749 0.000000 0.218893 0.690744 0.690744 0.690744
614.242432 0.000000 960.933594 0.000000 0.330099 0.000000 -0.943946 0.835903 0.835903 0.835903
608.828186 0.000000 960.776306 0.000000 0.983885 0.000000 -0.178801 0.709425 0.709425 0.709425
615.239136 0.000000 963.912659 0.000000 0.732654 0.000000 0.680602 0.650288 0.650288 0.650288
611.487488 0.000000 962.014832 0.000000 0.814986 0.000000 0.579481 0.668675 0.668675 0.668675
611.879944 0.000000 959.397949 0.000000 0.689688 0.000000 0.724107 0.609434 0.609434 0.609434
615.367188 0.000000 959.381531 0.000000 0.249125 0.000000 0.968471 0.492541 0.492541 0.492541
610.198730 0.000000 959.667603 0.000000 0.937861 0.000000 0.347010 0.660364 0.660364 0.660364
610.024780 0.000000 970.904419 0.000000 0.190346 0.000000 -0.981717 0.777133 0.777133 0.777133
614.242432 0.000000 966.929688 0.000000 0.983237 0.000000 -0.182333 0.705768 0.705768 0.705768
608.828186 0.000000 966.772400 0.000000 0.176678 0.000000 -0.984269 0.751129 0.751129 0.751129
618.016968 0.000000 964.908325 0.000000 0.116171 0.000000 0.993229 0.669501 0.669501 0.669501
622.234619 0.000000 960.933594 0.000000 0.051013 0.000000 -0.998698 0.761086 0.761086 0.761086
616.820374 0.000000 960.776306 0.000000 0.476196 0.000000 0.879339 0.592969 0.592969 0.592969
619.479675 0.000000 962.014832 0.000000 0.970643 0.000000 -0.240526 0.711037 0.711037 0.711037
615.515869 0.000000 963.577209 0.000000 0.559201 0.000000 -0.829032 0.764906 0.764906 0.764906
619.872131 0.000000 959.397949 0.000000 0.249408 0.000000 -0.968399 0.849798 0.849798 0.849798
618.190918 0.000000 959.667603 0.000000 0.745512 0.000000 -0.666492 0.782865 0.782865 0.782865
610.024780 0.000000 976.900513 0.000000 0.434341 0.000000 -0.900749 0.719599 0.719599 0.719599
614.242432 0.000000 972.925781 0.000000 0.938575 0.000000 -0.345076 0.709236 0.709236 0.709236
608.828186 0.000000 972.768494 0.000000 0.370988 0.000000 -0.928638 0.747860 0.747860 0.747860
624.812561 0.000000 960.776306 0.000000 0.403618 0.000000 -0.914927 0.736343 0.736343 0.736343
514.118530 0.000000 1102.818481 0.000000 0.250738 0.000000 0.968055 0.672374 0.672374 0.672374
522.110718 0.000000 1102.818481 0.000000 0.210342 0.000000 -0.977628 0.721373 0.721373 0.721373
538.095093 0.000000 1090.826294 0.000000 0.534147 0.000000 -0.845392 0.714083 0.714083 0.714083
530.102905 0.000000 1102.818481 0.000000 0.939509 0.000000 -0.342524 0.707332 0.707332 0.707332
534.320557 0.000000 1098.843750 0.000000 0.689410 0.000000 -0.724371 0.718405 0.718405 0.718405
538.095093 0.000000 1096.822388 0.000000 0.758640 0.000000 -0.651510 0.740921 0.740921 0.740921
542.312744 0.000000 1092.847656 0.000000 0.960534 0.000000 0.278164 0.688177 0.688177 0.688177
543.309448 0.000000 1095.826782 0.000000 0.705388 0.000000 -0.708821 0.752318 0.752318 0.752318
540.769836 0.000000 1096.517212 0.000000 0.999328 0.000000 0.036664 0.697116 0.697116 0.697116
538.095093 0.000000 1102.818481 0.000000 0.232502 0.000000 -0.972596 0.781726 0.781726 0.781726
542.312744 0.000000 1098.843750 0.000000 0.678383 0.000000 0.734708 0.625007 0.625007 0.625007
536.898499 0.000000 1098.686523 0.000000 0.741588 0.000000 -0.670855 0.732128 0.732128 0.732128
543.309448 0.000000 1101.822876 0.000000 0.791625 0.000000 0.611007 0.642563 0.642563 0.642563
539.557800 0.000000 1099.925049 0.000000 0.867973 0.000000 -0.496611 0.732695 0.732695 0.732695
540.769836 0.000000 1102.513306 0.000000 0.060772 0.000000 0.998152 0.591808 0.591808 0.591808
546.087280 0.000000 1090.826294 0.000000 0.992466 0.000000 0.122523 0.698283 0.698283 0.698283
546.087280 0.000000 1096.822388 0.000000 0.558383 0.000000 0.829583 0.628190 0.628190 0.628190
550.304932 0.000000 1092.847656 0.000000 0.082642 0.000000 -0.996579 0.728606 0.728606 0.728606
544.890686 0.000000 1092.690430 0.000000 0.314300 0.000000 -0.949324 0.748100 0.748100 0.748100
543.586182 0.000000 1095.491333 0.000000 0.744692 0.000000 -0.667408 0.748526 0.748526 0.748526
548.762024 0.000000 1096.517212 0.000000 0.299736 0.000000 0.954022 0.620328 0.620328 0.620328
546.087280 0.000000 1102.818481 0.000000 0.856538 0.000000 0.516083 0.642192 0.642192 0.642192
550.304932 0.000000 1098.843750 0.000000 0.928727 0.000000 0.370765 0.670793 0.670793 0.670793
544.890686 0.000000 1098.686523 0.000000 0.100088 0.000000 0.994979 0.568936 0.568936 0.568936
551.301636 0.000000 1101.822876 0.000000 0.838941 0.000000 0.544223 0.650722 0.650722 0.650722
547.549988 0.000000 1099.925049 0.000000 0.799623 0.000000 -0.600502 0.752906 0.752906 0.752906
543.586182 0.000000 1101.487427 0.000000 0.351332 0.000000 -0.936251 0.805886 0.805886 0.805886
548.762024 0.000000 1102.513306 0.000000 0.990586 0.000000 0.136891 0.684641 0.684641 0.684641
547.942444 0.000000 1097.308105 0.000000 0.819493 0.000000 -0.573089 0.744793 0.744793 0.744793
545.597717 0.000000 1100.647339 0.000000 0.971494 0.000000 0.237066 0.679086 0.679086 0.679086
549.362549 0.000000 1100.668945 0.000000 0.099569 0.000000 -0.995031 0.831111 0.831111 0.831111
554.079468 0.000000 1096.822388 0.000000 0.215740 0.000000 0.976451 0.652698 0.652698 0.652698
554.079468 0.000000 1102.818481 0.000000 0.671707 0.000000 0.740817 0.611063 0.611063 0.611063
558.297119 0.000000 1098.843750 0.000000 0.741870 0.000000 0.670544 0.685872 0.685872 0.685872
552.882874 0.000000 1098.686523 0.000000 0.930205 0.000000 0.367040 0.675699 0.675699 0.675699
559.293823 0.000000 1101.822876 0.000000 0.375195 0.000000 -0.926946 0.743532 0.743532 0.743532
555.542175 0.000000 1099.925049 0.000000 0.186963 0.000000 0.982367 0.620258 0.620258 0.620258
551.578369 0.000000 1101.487427 0.000000 0.211740 0.000000 0.977326 0.583760 0.583760 0.583760
556.754211 0.000000 1102.513306 0.000000 0.984839 0.000000 0.173471 0.685375 0.685375 0.685375
553.589905 0.000000 1100.647339 0.000000 0.246075 0.000000 -0.969251 0.810909 0.810909 0.810909
514.118530 0.000000 1108.814575 0.000000 0.580468 0.000000 0.814283 0.666744 0.666744 0.666744
518.336182 0.000000 1104.839844 0.000000 0.021549 0.000000 0.999768 0.645851 0.645851 0.645851
519.332886 0.000000 1107.818970 0.000000 0.018849 0.000000 -0.999822 0.770516 0.770516 0.770516
518.336182 0.000000 1110.835938 0.000000 0.919810 0.000000 0.392365 0.685907 0.685907 0.685907
522.110718 0.000000 1108.814575 0.000000 0.418523 0.000000 0.908206 0.646258 0.646258 0.646258
526.328369 0.000000 1104.839844 0.000000 0.757441 0.000000 -0.652904 0.719892 0.719892 0.719892
520.914124 0.000000 1104.682617 0.000000 0.252807 0.000000 -0.967517 0.745969 0.745969 0.745969
527.325073 0.000000 1107.818970 0.000000 0.960526 0.000000 -0.278190 0.712809 0.712809 0.712809
522.110718 0.000000 1114.810669 0.000000 0.094162 0.000000 0.995557 0.661295 0.661295 0.661295
526.328369 0.000000 1110.835938 0.000000 0.316642 0.000000 -0.948545 0.789464 0.789464 0.789464
520.914124 0.000000 1110.678711 0.000000 0.904902 0.000000 -0.425621 0.716903 0.716903 0.716903
527.325073 0.000000 1113.815063 0.000000 0.381329 0.000000 0.924439 0.625790 0.625790 0.625790
526.328369 0.000000 1116.832031 0.000000 0.961097 0.000000 -0.276211 0.711738 0.711738 0.711738
530.102905 0.000000 1108.814575 0.000000 0.963670 0.000000 -0.267095 0.719845 0.719845 0.719845
534.320557 0.000000 1104.839844 0.000000 0.361343 0.000000 0.932433 0.643327 0.643327 0.643327
528.906311 0.000000 1104.682617 0.000000 0.391984 0.000000 -0.919972 0.740824 0.740824 0.740824
535.317261 0.000000 1107.818970 0.000000 0.818126 0.000000 0.575039 0.659315 0.659315 0.659315
532.777649 0.000000 1108.509399 0.000000 0.121269 0.000000 0.992620 0.591096 0.591096 0.591096
530.102905 0.000000 1114.810669 0.000000 0.781272 0.000000 -0.624191 0.747122 0.747122 0.747122
534.320557 0.000000 1110.835938 0.000000 0.367018 0.000000 -0.930214 0.783534 0.783534 0.783534
528.906311 0.000000 1110.678711 0.000000 0.101678 0.000000 -0.994817 0.815520 0.815520 0.815520
535.317261 0.000000 1113.815063 0.000000 0.991849 0.000000 -0.127420 0.706922 0.706922 0.706922
531.565613 0.000000 1111.917236 0.000000 0.524164 0.000000 0.851617 0.619860 0.619860 0.619860
527.601807 0.000000 1113.479614 0.000000 0.151921 0.000000 -0.988393 0.789228 0.789228 0.789228
531.958069 0.000000 1109.300293 0.000000 0.034719 0.000000 0.999397 0.587255 0.587255 0.587255
538.095093 0.000000 1108.814575 0.000000 0.995408 0.000000 0.095724 0.691623 0.691623 0.691623
542.312744 0.000000 1104.839844 0.000000 0.886087 0.000000 0.463520 0.647779 0.647779 0.647779
536.898499 0.000000 1104.682617 0.000000 0.658738 0.000000 -0.752372 0.749115 0.749115 0.749115
543.309448 0.000000 1107.818970 0.000000 0.270792 0.000000 0.962638 0.525527 0.525527 0.525527
539.557800 0.000000 1105.921143 0.000000 0.062446 0.000000 -0.998048 0.800164 0.800164 0.800164
535.593994 0.000000 1107.483521 0.000000 0.138579 0.000000 0.990351 0.604919 0.604919 0.604919
540.769836 0.000000 1108.509399 0.000000 0.236210 0.000000 0.971702 0.539343 0.539343 0.539343
541.370361 0.000000 1106.665039 0.000000 0.255105 0.000000 -0.966913 0.842246 0.842246 0.842246
538.095093 0.000000 1114.810669 0.000000 0.573008 0.000000 0.819550 0.674818 0.674818 0.674818
542.312744 0.000000 1110.835938 0.000000 0.820668 0.000000 -0.571406 0.791410 0.791410 0.791410
536.898499 0.000000 1110.678711 0.000000 0.727030 0.000000 -0.686606 0.748936 0.748936 0.748936
543.309448 0.000000 1113.815063 0.000000 0.159530 0.000000 0.987193 0.520047 0.520047 0.520047
539.557800 0.000000 1111.917236 0.000000 0.946734 0.000000 0.322018 0.675936 0.675936 0.675936
535.593994 0.000000 1113.479614 0.000000 0.731038 0.000000 0.682336 0.659317 0.659317 0.659317
539.950256 0.000000 1109.300293 0.000000 0.941631 0.000000 0.336646 0.669998 0.669998 0.669998
543.437500 0.000000 1109.283936 0.000000 0.655715 0.000000 0.755008 0.565419 0.565419 0.565419
530.102905 0.000000 1120.806763 0.000000 0.637803 0.000000 -0.770199 0.730728 0.730728 0.730728
534.320557 0.000000 1116.832031 0.000000 0.879269 0.000000 -0.476326 0.715617 0.715617 0.715617
528.906311 0.000000 1116.674805 0.000000 0.872460 0.000000 0.488685 0.673231 0.673231 0.673231
535.317261 0.000000 1119.811157 0.000000 0.999983 0.000000 0.005760 0.699789 0.699789 0.699789
531.565613 0.000000 1117.913330 0.000000 0.437376 0.000000 0.899279 0.643334 0.643334 0.643334
530.102905 0.000000 1126.802856 0.000000 0.992905 0.000000 -0.118910 0.702500 0.702500 0.702500
534.320557 0.000000 1122.828125 0.000000 0.777934 0.000000 0.628346 0.671503 0.671503 0.671503
535.317261 0.000000 1125.807251 0.000000 0.999451 0.000000 0.033125 0.698263 0.698263 0.698263
538.095093 0.000000 1120.806763 0.000000 0.994081 0.000000 -0.108638 0.703614 0.703614 0.703614
542.312744 0.000000 1116.832031 0.000000 0.948605 0.000000 -0.316464 0.727011 0.727011 0.727011
543.309448 0.000000 1119.811157 0.000000 0.352108 0.000000 0.935959 0.581488 0.581488 0.581488
540.769836 0.000000 1120.501587 0.000000 0.208882 0.000000 0.977941 0.609661 0.609661 0.609661
538.095093 0.000000 1126.802856 0.000000 0.519953 0.000000 0.854195 0.617682 0.617682 0.617682
542.312744 0.000000 1122.828125 0.000000 0.977013 0.000000 0.213180 0.667337 0.667337 0.667337
536.898499 0.000000 1122.670898 0.000000 0.725809 0.000000 -0.687896 0.733142 0.733142 0.733142
543.309448 0.000000 1125.807251 0.000000 0.840920 0.000000 -0.541159 0.782941 0.782941 0.782941
539.557800 0.000000 1123.909424 0.000000 0.945903 0.000000 -0.324448 0.718478 0.718478 0.718478
540.769836 0.000000 1126.497681 0.000000 0.454564 0.000000 -0.890714 0.807545 0.807545 0.807545
541.370361 0.000000 1124.653320 0.000000 0.168907 0.000000 0.985632 0.567781 0.567781 0.567781
543.437500 0.000000 1121.276123 0.000000 0.536242 0.000000 -0.844064 0.829944 0.829944 0.829944
530.102905 0.000000 1132.798950 0.000000 0.367016 0.000000 0.930215 0.683293 0.683293 0.683293
534.320557 0.000000 1128.824219 0.000000 0.757232 0.000000 0.653146 0.660198 0.660198 0.660198
535.317261 0.000000 1131.803345 0.000000 0.692050 0.000000 0.721849 0.659128 0.659128 0.659128
534.320557 0.000000 1134.820312 0.000000 0.854200 0.000000 -0.519945 0.719111 0.719111 0.719111
538.095093 0.000000 1132.798950 0.000000 0.760151 0.000000 0.649746 0.651797 0.651797 0.651797
542.312744 0.000000 1128.824219 0.000000 0.996342 0.000000 0.085461 0.691028 0.691028 0.691028
536.898499 0.000000 1128.666992 0.000000 0.898078 0.000000 0.439835 0.667369 0.667369 0.667369
543.309448 0.000000 1131.803345 0.000000 0.731406 0.000000 -0.681943 0.760325 0.760325 0.760325
539.557800 0.000000 1129.905518 0.000000 0.754092 0.000000 0.656769 0.646156 0.646156 0.646156
540.769836 0.000000 1132.493774 0.000000 0.463566 0.000000 -0.886063 0.768498 0.768498 0.768498
539.950256 0.000000 1127.288574 0.000000 0.139651 0.000000 -0.990201 0.815011 0.815011 0.815011
543.437500 0.000000 1127.272217 0.000000 0.986464 0.000000 0.163981 0.678985 0.678985 0.678985
538.095093 0.000000 1138.795044 0.000000 0.905069 0.000000 -0.425264 0.715353 0.715353 0.715353
542.312744 0.000000 1134.820312 0.000000 0.981914 0.000000 -0.189327 0.710319 0.710319 0.710319
536.898499 0.000000 1134.663086 0.000000 0.794194 0.000000 -0.607665 0.729676 0.729676 0.729676
543.309448 0.000000 1137.799438 0.000000 0.691285 0.000000 0.722582 0.666131 0.666131 0.666131
539.557800 0.000000 1135.901611 0.000000 0.999935 0.000000 -0.011405 0.700638 0.700638 0.700638
534.320557 0.000000 1140.816406 0.000000 0.403987 0.000000 -0.914765 0.726238 0.726238 0.726238
534.320557 0.000000 1146.812500 0.000000 0.350108 0.000000 -0.936710 0.738160 0.738160 0.738160
538.095093 0.000000 1144.791138 0.000000 0.930364 0.000000 -0.366636 0.715089 0.715089 0.715089
542.312744 0.000000 1140.816406 0.000000 0.420707 0.000000 0.907196 0.672192 0.672192 0.672192
536.898499 0.000000 1140.659180 0.000000 0.267499 0.000000 0.963558 0.656835 0.656835 0.656835
538.095093 0.000000 1150.787231 0.000000 0.645562 0.000000 0.763708 0.660513 0.660513 0.660513
542.312744 0.000000 1146.812500 0.000000 0.998070 0.000000 -0.062101 0.702823 0.702823 0.702823
536.898499 0.000000 1146.655273 0.000000 0.826353 0.000000 -0.563152 0.726135 0.726135 0.726135
543.309448 0.000000 1149.791626 0.000000 0.303103 0.000000 -0.952958 0.768415 0.768415 0.768415
539.557800 0.000000 1147.893799 0.000000 0.982836 0.000000 -0.184481 0.710052 0.710052 0.710052
546.087280 0.000000 1108.814575 0.000000 0.697201 0.000000 -0.716876 0.901148 0.901148 0.901148
550.304932 0.000000 1104.839844 0.000000 0.244858 0.000000 0.969559 0.480285 0.480285 0.480285
544.890686 0.000000 1104.682617 0.000000 0.264303 0.000000 0.964440 0.533731 0.533731 0.533731
551.301636 0.000000 1107.818970 0.000000 0.996140 0.000000 -0.087781 0.719968 0.719968 0.719968
547.549988 0.000000 1105.921143 0.000000 0.065399 0.000000 -0.997859 0.928873 0.928873 0.928873
543.586182 0.000000 1107.483521 0.000000 0.764811 0.000000 0.644255 0.605799 0.605799 0.605799
548.762024 0.000000 1108.509399 0.000000 0.979617 0.000000 -0.200872 0.757612 0.757612 0.757612
547.942444 0.000000 1103.304199 0.000000 0.106717 0.000000 -0.994289 0.856053 0.856053 0.856053
545.597717 0.000000 1106.643433 0.000000 0.265284 0.000000 0.964170 0.483792 0.483792 0.483792
549.362549 0.000000 1106.665039 0.000000 0.999098 0.000000 -0.042457 0.709723 0.709723 0.709723
551.429688 0.000000 1103.287842 0.000000 0.998692 0.000000 0.051139 0.694010 0.694010 0.694010
546.261230 0.000000 1103.573853 0.000000 0.859501 0.000000 -0.511133 0.757193 0.757193 0.757193
544.337830 0.000000 1109.060913 0.000000 0.950147 0.000000 -0.311802 0.764280 0.764280 0.764280
547.289978 0.000000 1107.617676 0.000000 0.870160 0.000000 -0.492770 0.803555 0.803555 0.803555
548.699280 0.000000 1104.796509 0.000000 0.548522 0.000000 -0.836136 0.864394 0.864394 0.864394
550.219299 0.000000 1108.763550 0.000000 0.877642 0.000000 -0.479317 0.838899 0.838899 0.838899
550.789795 0.000000 1106.277588 0.000000 0.071579 0.000000 0.997435 0.359413 0.359413 0.359413
547.358643 0.000000 1108.812500 0.000000 0.947820 0.000000 -0.318806 0.781653 0.781653 0.781653
550.078674 0.000000 1107.605591 0.000000 0.001745 0.000000 -0.999998 1.056466 1.056466 1.056466
546.087280 0.000000 1114.810669 0.000000 0.688473 0.000000 0.725262 0.501478 0.501478 0.501478
550.304932 0.000000 1110.835938 0.000000 0.999392 0.000000 -0.034864 0.711152 0.711152 0.711152
544.890686 0.000000 1110.678711 0.000000 0.975139 0.000000 0.221595 0.651188 0.651188 0.651188
551.301636 0.000000 1113.815063 0.000000 0.482045 0.000000 -0.876146 1.043360 1.043360 1.043360
547.549988 0.000000 1111.917236 0.000000 0.852982 0.000000 -0.521941 0.849704 0.849704 0.849704
543.586182 0.000000 1113.479614 0.000000 0.858197 0.000000 0.513321 0.631231 0.631231 0.631231
548.762024 0.000000 1114.505493 0.000000 0.902081 0.000000 -0.431567 0.834129 0.834129 0.834129
547.942444 0.000000 1109.300293 0.000000 0.177993 0.000000 -0.984032 1.050262 1.050262 1.050262
545.597717 0.000000 1112.639526 0.000000 0.889720 0.000000 -0.456507 0.793617 0.793617 0.793617
549.362549 0.000000 1112.661133 0.000000 0.148267 0.000000 -0.988947 1.137365 1.137365 1.137365
551.429688 0.000000 1109.283936 0.000000 0.452087 0.000000 0.891974 0.393877 0.393877 0.393877
546.261230 0.000000 1109.569946 0.000000 0.939238 0.000000 -0.343266 0.788177 0.788177 0.788177
544.337830 0.000000 1115.057007 0.000000 0.916247 0.000000 -0.400613 0.774194 0.774194 0.774194
547.289978 0.000000 1113.613770 0.000000 0.668298 0.000000 0.743894 0.480099 0.480099 0.480099
543.699524 0.000000 1111.868164 0.000000 0.971418 0.000000 -0.237374 0.736019 0.736019 0.736019
549.597595 0.000000 1109.360229 0.000000 0.998236 0.000000 -0.059370 0.716922 0.716922 0.716922
548.699280 0.000000 1110.792603 0.000000 0.482280 0.000000 0.876017 0.366055 0.366055 0.366055
546.236328 0.000000 1111.220825 0.000000 0.562121 0.000000 -0.827055 0.965493 0.965493 0.965493
550.219299 0.000000 1114.759644 0.000000 0.928191 0.000000 0.372104 0.580064 0.580064 0.580064
550.789795 0.000000 1112.273682 0.000000 0.998782 0.000000 0.049344 0.684127 0.684127 0.684127
545.026611 0.000000 1113.901733 0.000000 0.862171 0.000000 0.506617 0.595089 0.595089 0.595089
547.343689 0.000000 1110.552979 0.000000 0.604465 0.000000 0.796632 0.448723 0.448723 0.448723
547.358643 0.000000 1114.808594 0.000000 0.613404 0.000000 0.789770 0.477252 0.477252 0.477252
550.078674 0.000000 1113.601685 0.000000 0.161692 0.000000 0.986841 0.247124 0.247124 0.247124
548.228821 0.000000 1112.982910 0.000000 0.178297 0.000000 -0.983977 1.128003 1.128003 1.128003
551.445557 0.000000 1110.582397 0.000000 0.758769 0.000000 -0.651360 0.926864 0.926864 0.926864
546.115479 0.000000 1113.604858 0.000000 0.999850 0.000000 0.017299 0.695465 0.695465 0.695465
549.524902 0.000000 1111.571777 0.000000 0.308446 0.000000 0.951242 0.306714 0.306714 0.306714
548.596985 0.000000 1111.929077 0.000000 0.913134 0.000000 0.407660 0.568651 0.568651 0.568651
554.079468 0.000000 1108.814575 0.000000 0.981486 0.000000 -0.191535 0.750521 0.750521 0.750521
558.297119 0.000000 1104.839844 0.000000 0.080080 0.000000 -0.996788 0.832855 0.832855 0.832855
552.882874 0.000000 1104.682617 0.000000 0.715915 0.000000 0.698188 0.571689 0.571689 0.571689
559.293823 0.000000 1107.818970 0.000000 0.999950 0.000000 -0.010028 0.701402 0.701402 0.701402
555.542175 0.000000 1105.921143 0.000000 0.985657 0.000000 -0.168758 0.727559 0.727559 0.727559
551.578369 0.000000 1107.483521 0.000000 0.977458 0.000000 -0.211128 0.748329 0.748329 0.748329
556.754211 0.000000 1108.509399 0.000000 0.891691 0.000000 0.452644 0.589180 0.589180 0.589180
555.934631 0.000000 1103.304199 0.000000 0.480921 0.000000 0.876764 0.586032 0.586032 0.586032
553.589905 0.000000 1106.643433 0.000000 0.863909 0.000000 -0.503648 0.816223 0.816223 0.816223
557.354736 0.000000 1106.665039 0.000000 0.985071 0.000000 0.172146 0.669463 0.669463 0.669463
554.253418 0.000000 1103.573853 0.000000 0.870839 0.000000 -0.491568 0.754782 0.754782 0.754782
552.330017 0.000000 1109.060913 0.000000 0.744840 0.000000 -0.667243 0.900428 0.900428 0.900428
555.282166 0.000000 1107.617676 0.000000 0.853131 0.000000 0.521697 0.585862 0.585862 0.585862
551.691711 0.000000 1105.872070 0.000000 0.579133 0.000000 -0.815233 0.858239 0.858239 0.858239
554.228516 0.000000 1105.224731 0.000000 0.298755 0.000000 -0.954330 0.905986 0.905986 0.905986
558.211487 0.000000 1108.763550 0.000000 0.196482 0.000000 -0.980507 0.963943 0.963943 0.963943
553.018799 0.000000 1107.905640 0.000000 0.991543 0.000000 0.129780 0.671342 0.671342 0.671342
555.350830 0.000000 1108.812500 0.000000 0.942513 0.000000 -0.334169 0.789316 0.789316 0.789316
554.079468 0.000000 1114.810669 0.000000 0.844301 0.000000 0.535870 0.538903 0.538903 0.538903
558.297119 0.000000 1110.835938 0.000000 0.728211 0.000000 0.685353 0.525816 0.525816 0.525816
552.882874 0.000000 1110.678711 0.000000 0.807571 0.000000 0.589770 0.499376 0.499376 0.499376
559.293823 0.000000 1113.815063 0.000000 0.730189 0.000000 0.683246 0.519909 0.519909 0.519909
555.542175 0.000000 1111.917236 0.000000 0.553478 0.000000 -0.832864 0.997574 0.997574 0.997574
551.578369 0.000000 1113.479614 0.000000 0.185914 0.000000 0.982566 0.255033 0.255033 0.255033
556.754211 0.000000 1114.505493 0.000000 0.121330 0.000000 0.992612 0.327717 0.327717 0.327717
555.934631 0.000000 1109.300293 0.000000 0.359278 0.000000 -0.933231 1.015431 1.015431 1.015431
553.589905 0.000000 1112.639526 0.000000 0.656421 0.000000 -0.754395 0.970362 0.970362 0.970362
557.354736 0.000000 1112.661133 0.000000 0.474841 0.000000 -0.880072 1.002748 1.002748 1.002748
559.421875 0.000000 1109.283936 0.000000 0.938706 0.000000 -0.344720 0.767655 0.767655 0.767655
554.253418 0.000000 1109.569946 0.000000 0.942698 0.000000 -0.333647 0.789171 0.789171 0.789171
552.330017 0.000000 1115.057007 0.000000 0.801172 0.000000 0.598435 0.506040 0.506040 0.506040
555.282166 0.000000 1113.613770 0.000000 0.939545 0.000000 -0.342426 0.805664 0.805664 0.805664
551.691711 0.000000 1111.868164 0.000000 0.257032 0.000000 0.966403 0.280781 0.280781 0.280781
557.589783 0.000000 1109.360229 0.000000 0.999630 0.000000 0.027189 0.693585 0.693585 0.693585
556.691467 0.000000 1110.792603 0.000000 0.022282 0.000000 0.999752 0.275134 0.275134 0.275134
554.228516 0.000000 1111.220825 0.000000 0.423773 0.000000 0.905769 0.357400 0.357400 0.357400
558.211487 0.000000 1114.759644 0.000000 0.792992 0.000000 -0.609232 0.851117 0.851117 0.851117
558.781982 0.000000 1112.273682 0.000000 0.982348 0.000000 -0.187061 0.745051 0.745051 0.745051
551.982727 0.000000 1109.575684 0.000000 0.266009 0.000000 -0.963971 1.061655 1.061655 1.061655
553.018799 0.000000 1113.901733 0.000000 0.987886 0.000000 -0.155184 0.749286 0.749286 0.749286
555.335876 0.000000 1110.552979 0.000000 0.989944 0.000000 -0.141463 0.742913 0.742913 0.742913
555.350830 0.000000 1114.808594 0.000000 0.041817 0.000000 -0.999125 1.135536 1.135536 1.135536
558.070862 0.000000 1113.601685 0.000000 0.981187 0.000000 -0.193060 0.746514 0.746514 0.746514
556.221008 0.000000 1112.982910 0.000000 0.993950 0.000000 0.109835 0.669034 0.669034 0.669034
552.439514 0.000000 1112.758057 0.000000 0.236534 0.000000 0.971623 0.278672 0.278672 0.278672
554.107666 0.000000 1113.604858 0.000000 0.990863 0.000000 -0.134873 0.740901 0.740901 0.740901
554.765930 0.000000 1112.670654 0.000000 0.801222 0.000000 0.598368 0.506065 0.506065 0.506065
552.824097 0.000000 1111.757690 0.000000 0.451781 0.000000 -0.892129 1.050514 1.050514 1.050514
551.910583 0.000000 1110.587891 0.000000 0.402994 0.000000 0.915203 0.330299 0.330299 0.330299
546.087280 0.000000 1120.806763 0.000000 0.594814 0.000000 -0.803864 0.985570 0.985570 0.985570
550.304932 0.000000 1116.832031 0.000000 0.057278 0.000000 0.998358 0.213330 0.213330 0.213330
544.890686 0.000000 1116.674805 0.000000 0.881133 0.000000 0.472868 0.619089 0.619089 0.619089
551.301636 0.000000 1119.811157 0.000000 0.210363 0.000000 -0.977623 1.160693 1.160693 1.160693
547.549988 0.000000 1117.913330 0.000000 0.665179 0.000000 0.746684 0.495208 0.495208 0.495208
543.586182 0.000000 1119.475708 0.000000 0.995131 0.000000 -0.098566 0.709662 0.709662 0.709662
548.762024 0.000000 1120.501587 0.000000 0.881099 0.000000 0.472932 0.520935 0.520935 0.520935
547.942444 0.000000 1115.296387 0.000000 0.779701 0.000000 0.626152 0.534460 0.534460 0.534460
545.597717 0.000000 1118.635620 0.000000 0.828628 0.000000 0.559799 0.587862 0.587862 0.587862
549.362549 0.000000 1118.657227 0.000000 0.999880 0.000000 0.015461 0.694866 0.694866 0.694866
551.429688 0.000000 1115.280029 0.000000 0.103540 0.000000 -0.994625 1.161489 1.161489 1.161489
546.261230 0.000000 1115.566040 0.000000 0.968432 0.000000 -0.249279 0.761639 0.761639 0.761639
544.337830 0.000000 1121.053101 0.000000 0.659490 0.000000 -0.751713 0.884337 0.884337 0.884337
547.289978 0.000000 1119.609863 0.000000 0.505009 0.000000 -0.863114 0.983911 0.983911 0.983911
549.597595 0.000000 1115.356323 0.000000 0.113652 0.000000 -0.993521 1.137921 1.137921 1.137921
548.699280 0.000000 1116.788696 0.000000 0.434527 0.000000 0.900659 0.357081 0.357081 0.357081
546.236328 0.000000 1117.216919 0.000000 0.928252 0.000000 0.371953 0.607423 0.607423 0.607423
550.219299 0.000000 1120.755737 0.000000 0.579000 0.000000 0.815327 0.351814 0.351814 0.351814
550.789795 0.000000 1118.269775 0.000000 0.993284 0.000000 -0.115702 0.739315 0.739315 0.739315
547.343689 0.000000 1116.549072 0.000000 0.335174 0.000000 -0.942156 0.998543 0.998543 0.998543
547.358643 0.000000 1120.804688 0.000000 0.356453 0.000000 0.934313 0.331072 0.331072 0.331072
550.078674 0.000000 1119.597778 0.000000 0.379302 0.000000 0.925273 0.299348 0.299348 0.299348
548.228821 0.000000 1118.979004 0.000000 0.573587 0.000000 0.819144 0.381268 0.381268 0.381268
551.445557 0.000000 1116.578491 0.000000 0.782155 0.000000 -0.623084 0.916304 0.916304 0.916304
546.115479 0.000000 1119.600952 0.000000 0.523275 0.000000 -0.852164 0.978105 0.978105 0.978105
546.773743 0.000000 1118.666748 0.000000 0.071014 0.000000 -0.997475 1.108859 1.108859 1.108859
549.524902 0.000000 1117.567871 0.000000 0.925366 0.000000 -0.379075 0.818905 0.818905 0.818905
548.596985 0.000000 1117.925171 0.000000 0.227310 0.000000 -0.973823 1.110262 1.110262 1.110262
550.625305 0.000000 1115.912598 0.000000 0.524938 0.000000 -0.851140 1.020276 1.020276 1.020276
551.283569 0.000000 1120.839844 0.000000 0.432345 0.000000 -0.901708 1.110428 1.110428 1.110428
546.087280 0.000000 1126.802856 0.000000 0.915503 0.000000 -0.402311 0.794788 0.794788 0.794788
550.304932 0.000000 1122.828125 0.000000 0.480549 0.000000 0.876968 0.288805 0.288805 0.288805
544.890686 0.000000 1122.670898 0.000000 0.965695 0.000000 -0.259680 0.761057 0.761057 0.761057
551.301636 0.000000 1125.807251 0.000000 0.139769 0.000000 -0.990184 1.202508 1.202508 1.202508
547.549988 0.000000 1123.909424 0.000000 0.413442 0.000000 0.910530 0.337960 0.337960 0.337960
543.586182 0.000000 1125.471802 0.000000 0.339110 0.000000 -0.940747 0.877660 0.877660 0.877660
548.762024 0.000000 1126.497681 0.000000 0.294028 0.000000 0.955797 0.364244 0.364244 0.364244
547.942444 0.000000 1121.292480 0.000000 0.420764 0.000000 -0.907170 1.047575 1.047575 1.047575
545.597717 0.000000 1124.631714 0.000000 0.694286 0.000000 0.719699 0.524506 0.524506 0.524506
549.362549 0.000000 1124.653320 0.000000 0.746837 0.000000 0.665007 0.454625 0.454625 0.454625
551.429688 0.000000 1121.276123 0.000000 0.030166 0.000000 -0.999545 1.262706 1.262706 1.262706
546.261230 0.000000 1121.562134 0.000000 0.406122 0.000000 -0.913819 1.052493 1.052493 1.052493
544.337830 0.000000 1127.049194 0.000000 0.350223 0.000000 0.936666 0.490140 0.490140 0.490140
547.289978 0.000000 1125.605957 0.000000 0.491008 0.000000 0.871155 0.385813 0.385813 0.385813
543.699524 0.000000 1123.860352 0.000000 0.543910 0.000000 0.839144 0.548613 0.548613 0.548613
549.597595 0.000000 1121.352417 0.000000 0.621158 0.000000 -0.783686 1.027358 1.027358 1.027358
548.699280 0.000000 1122.784790 0.000000 0.925762 0.000000 0.378108 0.554988 0.554988 0.554988
546.236328 0.000000 1123.213013 0.000000 0.991358 0.000000 0.131186 0.658384 0.658384 0.658384
550.219299 0.000000 1126.751831 0.000000 0.251497 0.000000 -0.967858 1.056626 1.056626 1.056626
550.789795 0.000000 1124.265869 0.000000 0.970059 0.000000 -0.242871 0.786174 0.786174 0.786174
545.026611 0.000000 1125.893921 0.000000 0.374014 0.000000 0.927423 0.440601 0.440601 0.440601
547.343689 0.000000 1122.545166 0.000000 0.471514 0.000000 0.881858 0.358449 0.358449 0.358449
547.358643 0.000000 1126.800781 0.000000 0.998585 0.000000 0.053183 0.687819 0.687819 0.687819
550.078674 0.000000 1125.593872 0.000000 0.450824 0.000000 -0.892613 1.087483 1.087483 1.087483
548.228821 0.000000 1124.975098 0.000000 0.239971 0.000000 -0.970780 1.148068 1.148068 1.148068
551.445557 0.000000 1122.574585 0.000000 0.539638 0.000000 0.841897 0.315228 0.315228 0.315228
546.115479 0.000000 1125.597046 0.000000 0.326033 0.000000 -0.945358 1.068002 1.068002 1.068002
546.773743 0.000000 1124.662842 0.000000 0.961923 0.000000 -0.273320 0.782247 0.782247 0.782247
549.524902 0.000000 1123.563965 0.000000 0.798935 0.000000 0.601418 0.458678 0.458678 0.458678
548.596985 0.000000 1123.921265 0.000000 0.953094 0.000000 -0.302675 0.814999 0.814999 0.814999
550.625305 0.000000 1121.908691 0.000000 0.785991 0.000000 -0.618238 0.943436 0.943436 0.943436
548.744812 0.000000 1121.806396 0.000000 0.574477 0.000000 0.818521 0.351467 0.351467 0.351467
549.539978 0.000000 1122.331787 0.000000 0.835114 0.000000 -0.550077 0.917829 0.917829 0.917829
554.079468 0.000000 1120.806763 0.000000 0.380422 0.000000 0.924813 0.394661 0.394661 0.394661
558.297119 0.000000 1116.832031 0.000000 0.651941 0.000000 0.758269 0.539065 0.539065 0.539065
552.882874 0.000000 1116.674805 0.000000 0.460478 0.000000 -0.887671 1.030226 1.030226 1.030226
559.293823 0.000000 1119.811157 0.000000 0.857587 0.000000 0.514339 0.621639 0.621639 0.621639
555.542175 0.000000 1117.913330 0.000000 0.442082 0.000000 0.896975 0.406328 0.406328 0.406328
551.578369 0.000000 1119.475708 0.000000 0.274479 0.000000 -0.961593 1.138282 1.138282 1.138282
556.754211 0.000000 1120.501587 0.000000 0.999499 0.000000 -0.031659 0.706308 0.706308 0.706308
555.934631 0.000000 1115.296387 0.000000 0.390626 0.000000 0.920550 0.366865 0.366865 0.366865
553.589905 0.000000 1118.635620 0.000000 0.948545 0.000000 -0.316643 0.799097 0.799097 0.799097
557.354736 0.000000 1118.657227 0.000000 0.699837 0.000000 0.714303 0.541492 0.541492 0.541492
559.421875 0.000000 1115.280029 0.000000 0.985158 0.000000 0.171648 0.660207 0.660207 0.660207
554.253418 0.000000 1115.566040 0.000000 0.369682 0.000000 0.929158 0.360415 0.360415 0.360415
552.330017 0.000000 1121.053101 0.000000 0.321434 0.000000 -0.946932 1.099871 1.099871 1.099871
555.282166 0.000000 1119.609863 0.000000 0.961452 0.000000 0.274975 0.628925 0.628925 0.628925
551.691711 0.000000 1117.864258 0.000000 0.999998 0.000000 0.002133 0.699314 0.699314 0.699314
557.589783 0.000000 1115.356323 0.000000 0.207996 0.000000 -0.978130 1.049703 1.049703 1.049703
556.691467 0.000000 1116.788696 0.000000 0.942463 0.000000 0.334309 0.624346 0.624346 0.624346
554.228516 0.000000 1117.216919 0.000000 0.964802 0.000000 -0.262978 0.770222 0.770222 0.770222
551.982727 0.000000 1115.571777 0.000000 0.697457 0.000000 -0.716627 0.951323 0.951323 0.951323
553.018799 0.000000 1119.897827 0.000000 0.548979 0.000000 -0.835836 1.004393 1.004393 1.004393
555.335876 0.000000 1116.549072 0.000000 0.149143 0.000000 -0.988816 1.075006 1.075006 1.075006
555.350830 0.000000 1120.804688 0.000000 0.133048 0.000000 -0.991110 1.071760 1.071760 1.071760
552.439514 0.000000 1118.754150 0.000000 0.529743 0.000000 -0.848158 1.011419 1.011419 1.011419
552.824097 0.000000 1117.753784 0.000000 0.044422 0.000000 0.999013 0.238533 0.238533 0.238533
553.120972 0.000000 1115.452271 0.000000 0.993311 0.000000 -0.115467 0.734987 0.734987 0.734987
551.910583 0.000000 1116.583984 0.000000 0.757800 0.000000 0.652487 0.471419 0.471419 0.471419
551.482300 0.000000 1120.462524 0.000000 0.220799 0.000000 0.975319 0.207590 0.207590 0.207590
554.079468 0.000000 1126.802856 0.000000 0.610760 0.000000 -0.791816 0.882047 0.882047 0.882047
558.297119 0.000000 1122.828125 0.000000 0.724428 0.000000 0.689350 0.616261 0.616261 0.616261
552.882874 0.000000 1122.670898 0.000000 0.089711 0.000000 0.995968 0.203083 0.203083 0.203083
559.293823 0.000000 1125.807251 0.000000 0.961212 0.000000 0.275809 0.672165 0.672165 0.672165
555.542175 0.000000 1123.909424 0.000000 0.146627 0.000000 -0.989192 1.063238 1.063238 1.063238
551.578369 0.000000 1125.471802 0.000000 0.998887 0.000000 -0.047159 0.716572 0.716572 0.716572
556.754211 0.000000 1126.497681 0.000000 0.176696 0.000000 -0.984266 0.894774 0.894774 0.894774
555.934631 0.000000 1121.292480 0.000000 0.499074 0.000000 0.866560 0.428874 0.428874 0.428874
553.589905 0.000000 1124.631714 0.000000 0.906726 0.000000 -0.421719 0.837704 0.837704 0.837704
557.354736 0.000000 1124.653320 0.000000 0.998049 0.000000 -0.062438 0.710264 0.710264 0.710264
559.421875 0.000000 1121.276123 0.000000 0.977173 0.000000 0.212446 0.673812 0.673812 0.673812
554.253418 0.000000 1121.562134 0.000000 0.095805 0.000000 -0.995400 1.081457 1.081457 1.081457
552.330017 0.000000 1127.049194 0.000000 0.854263 0.000000 0.519840 0.566252 0.566252 0.566252
555.282166 0.000000 1125.605957 0.000000 0.220346 0.000000 -0.975422 1.029957 1.029957 1.029957
551.691711 0.000000 1123.860352 0.000000 0.670196 0.000000 -0.742184 1.021540 1.021540 1.021540
557.589783 0.000000 1121.352417 0.000000 0.985539 0.000000 0.169447 0.666078 0.666078 0.666078
556.691467 0.000000 1122.784790 0.000000 0.942803 0.000000 -0.333350 0.762362 0.762362 0.762362
554.228516 0.000000 1123.213013 0.000000 0.722360 0.000000 -0.691517 0.894827 0.894827 0.894827
551.982727 0.000000 1121.567871 0.000000 0.985088 0.000000 -0.172053 0.763156 0.763156 0.763156
553.018799 0.000000 1125.893921 0.000000 0.879049 0.000000 0.476732 0.542814 0.542814 0.542814
555.335876 0.000000 1122.545166 0.000000 0.293502 0.000000 -0.955958 1.024779 1.024779 1.024779
552.439514 0.000000 1124.750244 0.000000 0.873246 0.000000 0.487280 0.539006 0.539006 0.539006
552.824097 0.000000 1123.749878 0.000000 0.661030 0.000000 0.750359 0.415262 0.415262 0.415262
553.120972 0.000000 1121.448364 0.000000 0.794370 0.000000 -0.607434 0.909920 0.909920 0.909920
551.910583 0.000000 1122.580078 0.000000 0.874545 0.000000 0.484944 0.505344 0.505344 0.505344
562.071655 0.000000 1108.814575 0.000000 0.086513 0.000000 -0.996251 0.819311 0.819311 0.819311
560.875061 0.000000 1104.682617 0.000000 0.557818 0.000000 0.829963 0.645249 0.645249 0.645249
559.570557 0.000000 1107.483521 0.000000 0.895534 0.000000 0.444993 0.635526 0.635526 0.635526
561.582092 0.000000 1106.643433 0.000000 0.405358 0.000000 -0.914158 0.806833 0.806833 0.806833
560.322205 0.000000 1109.060913 0.000000 0.160631 0.000000 -0.987015 0.897053 0.897053 0.897053
562.071655 0.000000 1114.810669 0.000000 0.149605 0.000000 0.988746 0.521248 0.521248 0.521248
560.875061 0.000000 1110.678711 0.000000 0.242783 0.000000 -0.970081 0.927020 0.927020 0.927020
563.534363 0.000000 1111.917236 0.000000 0.993647 0.000000 0.112546 0.687583 0.687583 0.687583
559.570557 0.000000 1113.479614 0.000000 0.120425 0.000000 0.992722 0.352824 0.352824 0.352824
564.746399 0.000000 1114.505493 0.000000 0.600394 0.000000 0.799704 0.635213 0.635213 0.635213
563.926819 0.000000 1109.300293 0.000000 0.159757 0.000000 0.987156 0.586623 0.586623 0.586623
561.582092 0.000000 1112.639526 0.000000 0.395586 0.000000 -0.918429 0.915641 0.915641 0.915641
560.322205 0.000000 1115.057007 0.000000 0.476195 0.000000 -0.879340 0.891529 0.891529 0.891529
563.274353 0.000000 1113.613770 0.000000 0.448366 0.000000 -0.893850 0.839146 0.839146 0.839146
559.683899 0.000000 1111.868164 0.000000 0.991999 0.000000 0.126247 0.670799 0.670799 0.670799
559.974915 0.000000 1109.575684 0.000000 0.987632 0.000000 0.156789 0.669735 0.669735 0.669735
562.071655 0.000000 1120.806763 0.000000 0.933513 0.000000 -0.358543 0.718585 0.718585 0.718585
566.289307 0.000000 1116.832031 0.000000 0.995977 0.000000 -0.089612 0.701725 0.701725 0.701725
560.875061 0.000000 1116.674805 0.000000 0.385621 0.000000 -0.922657 0.874527 0.874527 0.874527
563.534363 0.000000 1117.913330 0.000000 0.335788 0.000000 -0.941938 0.826653 0.826653 0.826653
559.570557 0.000000 1119.475708 0.000000 0.636154 0.000000 -0.771562 0.827831 0.827831 0.827831
563.926819 0.000000 1115.296387 0.000000 0.595862 0.000000 0.803087 0.582673 0.582673 0.582673
561.582092 0.000000 1118.635620 0.000000 0.960901 0.000000 -0.276892 0.730398 0.730398 0.730398
562.245605 0.000000 1115.566040 0.000000 0.961693 0.000000 -0.274127 0.734940 0.734940 0.734940
559.683899 0.000000 1117.864258 0.000000 0.843376 0.000000 -0.537324 0.806073 0.806073 0.806073
559.974915 0.000000 1115.571777 0.000000 0.568287 0.000000 0.822831 0.477076 0.477076 0.477076
562.071655 0.000000 1126.802856 0.000000 0.964409 0.000000 -0.264416 0.705612 0.705612 0.705612
560.875061 0.000000 1122.670898 0.000000 0.824945 0.000000 -0.565213 0.737791 0.737791 0.737791
559.570557 0.000000 1125.471802 0.000000 0.042223 0.000000 -0.999108 0.852263 0.852263 0.852263
546.087280 0.000000 1132.798950 0.000000 0.921205 0.000000 0.389077 0.674858 0.674858 0.674858
550.304932 0.000000 1128.824219 0.000000 0.531288 0.000000 -0.847191 0.894287 0.894287 0.894287
544.890686 0.000000 1128.666992 0.000000 0.309118 0.000000 -0.951024 0.858104 0.858104 0.858104
551.301636 0.000000 1131.803345 0.000000 0.216520 0.000000 0.976278 0.536905 0.536905 0.536905
547.549988 0.000000 1129.905518 0.000000 0.685496 0.000000 0.728076 0.568884 0.568884 0.568884
543.586182 0.000000 1131.467896 0.000000 0.959314 0.000000 0.282342 0.676990 0.676990 0.676990
548.762024 0.000000 1132.493774 0.000000 0.536644 0.000000 0.843809 0.626283 0.626283 0.626283
547.942444 0.000000 1127.288574 0.000000 0.622281 0.000000 -0.782794 0.905844 0.905844 0.905844
545.597717 0.000000 1130.627808 0.000000 0.991469 0.000000 -0.130346 0.711650 0.711650 0.711650
549.362549 0.000000 1130.649414 0.000000 0.824483 0.000000 0.565887 0.627468 0.627468 0.627468
551.429688 0.000000 1127.272217 0.000000 0.985937 0.000000 0.167119 0.654518 0.654518 0.654518
546.261230 0.000000 1127.558228 0.000000 0.795756 0.000000 0.605618 0.551069 0.551069 0.551069
549.597595 0.000000 1127.348511 0.000000 0.482794 0.000000 -0.875734 0.981553 0.981553 0.981553
548.699280 0.000000 1128.780884 0.000000 0.585875 0.000000 0.810401 0.526626 0.526626 0.526626
546.236328 0.000000 1129.209106 0.000000 0.845053 0.000000 -0.534682 0.790700 0.790700 0.790700
546.087280 0.000000 1138.795044 0.000000 0.419973 0.000000 -0.907537 0.737766 0.737766 0.737766
550.304932 0.000000 1134.820312 0.000000 0.805648 0.000000 -0.592395 0.733240 0.733240 0.733240
544.890686 0.000000 1134.663086 0.000000 0.963518 0.000000 0.267644 0.685321 0.685321 0.685321
551.301636 0.000000 1137.799438 0.000000 0.905917 0.000000 0.423455 0.680897 0.680897 0.680897
547.549988 0.000000 1135.901611 0.000000 0.107914 0.000000 0.994160 0.625872 0.625872 0.625872
554.079468 0.000000 1132.798950 0.000000 0.891514 0.000000 0.452993 0.672888 0.672888 0.672888
558.297119 0.000000 1128.824219 0.000000 0.812860 0.000000 -0.582459 0.742376 0.742376 0.742376
552.882874 0.000000 1128.666992 0.000000 0.354975 0.000000 -0.934876 0.911092 0.911092 0.911092
559.293823 0.000000 1131.803345 0.000000 0.878666 0.000000 -0.477438 0.720876 0.720876 0.720876
555.542175 0.000000 1129.905518 0.000000 0.126524 0.000000 0.991964 0.493082 0.493082 0.493082
551.578369 0.000000 1131.467896 0.000000 0.998067 0.000000 0.062147 0.692501 0.692501 0.692501
555.934631 0.000000 1127.288574 0.000000 0.139857 0.000000 0.990172 0.415013 0.415013 0.415013
553.589905 0.000000 1130.627808 0.000000 0.770330 0.000000 0.637646 0.623874 0.623874 0.623874
554.253418 0.000000 1127.558228 0.000000 0.856026 0.000000 0.516933 0.591768 0.591768 0.591768
551.691711 0.000000 1129.856445 0.000000 0.304836 0.000000 -0.952405 0.942413 0.942413 0.942413
551.982727 0.000000 1127.563965 0.000000 0.040419 0.000000 -0.999183 1.114539 1.114539 1.114539
554.079468 0.000000 1138.795044 0.000000 0.187926 0.000000 0.982183 0.663779 0.663779 0.663779
552.882874 0.000000 1134.663086 0.000000 0.546356 0.000000 -0.837553 0.746845 0.746845 0.746845
546.087280 0.000000 1144.791138 0.000000 0.980844 0.000000 0.194797 0.693490 0.693490 0.693490
550.304932 0.000000 1140.816406 0.000000 0.934487 0.000000 0.355997 0.684098 0.684098 0.684098
551.301636 0.000000 1143.795532 0.000000 0.887985 0.000000 -0.459872 0.720042 0.720042 0.720042
546.087280 0.000000 1150.787231 0.000000 0.927625 0.000000 0.373513 0.681938 0.681938 0.681938
550.304932 0.000000 1146.812500 0.000000 0.998329 0.000000 -0.057779 0.702728 0.702728 0.702728
544.890686 0.000000 1146.655273 0.000000 0.932997 0.000000 -0.359884 0.716084 0.716084 0.716084
551.301636 0.000000 1149.791626 0.000000 0.121063 0.000000 -0.992645 0.760792 0.760792 0.760792
543.586182 0.000000 1149.456177 0.000000 0.331350 0.000000 -0.943508 0.766801 0.766801 0.766801
554.079468 0.000000 1144.791138 0.000000 0.946259 0.000000 0.323408 0.686763 0.686763 0.686763
552.882874 0.000000 1140.659180 0.000000 0.210539 0.000000 0.977585 0.643015 0.643015 0.643015
554.079468 0.000000 1150.787231 0.000000 0.104131 0.000000 -0.994564 0.725628 0.725628 0.725628
552.882874 0.000000 1146.655273 0.000000 0.133395 0.000000 0.991063 0.634707 0.634707 0.634707
560.875061 0.000000 1128.666992 0.000000 0.665453 0.000000 0.746440 0.672019 0.672019 0.672019
542.312744 0.000000 1152.808594 0.000000 0.200376 0.000000 0.979719 0.633009 0.633009 0.633009
546.087280 0.000000 1156.783325 0.000000 0.980877 0.000000 -0.194630 0.704450 0.704450 0.704450
550.304932 0.000000 1152.808594 0.000000 0.122351 0.000000 0.992487 0.662039 0.662039 0.662039
544.890686 0.000000 1152.651367 0.000000 0.999433 0.000000 0.033663 0.698294 0.698294 0.698294
"}
