object={
	name="tree_pine_01_b_generator_1_0"
	render_pass=Map
	clamp_to_water_level=no
	generated_content=yes
	layer="tree_high_layer"
	pdxmesh="tree_pine_01_b_mesh"
	count=61
	transform="697.938843 0.000000 1366.646606 0.000000 0.250168 0.000000 -0.968202 0.400000 0.400000 0.400000
689.946655 0.000000 1378.638794 0.000000 0.969741 0.000000 0.244134 0.400000 0.400000 0.400000
697.938843 0.000000 1372.642700 0.000000 0.961290 0.000000 0.275539 0.400000 0.400000 0.400000
697.938843 0.000000 1378.638794 0.000000 0.854097 0.000000 -0.520113 0.400000 0.400000 0.400000
702.156494 0.000000 1374.664062 0.000000 0.348648 0.000000 0.937254 0.400000 0.400000 0.400000
689.946655 0.000000 1384.634888 0.000000 0.769464 0.000000 -0.638690 0.400000 0.400000 0.400000
689.946655 0.000000 1390.630981 0.000000 0.888414 0.000000 -0.459043 0.400000 0.400000 0.400000
694.164307 0.000000 1386.656250 0.000000 0.454282 0.000000 0.890858 0.400000 0.400000 0.400000
697.938843 0.000000 1384.634888 0.000000 0.998467 0.000000 0.055355 0.400000 0.400000 0.400000
702.156494 0.000000 1380.660156 0.000000 0.796095 0.000000 0.605172 0.400000 0.400000 0.400000
697.938843 0.000000 1390.630981 0.000000 0.983307 0.000000 0.181957 0.400000 0.400000 0.400000
702.156494 0.000000 1386.656250 0.000000 0.958415 0.000000 0.285379 0.400000 0.400000 0.400000
670.187744 0.000000 1416.636719 0.000000 0.668410 0.000000 -0.743793 0.400000 0.400000 0.400000
662.195557 0.000000 1428.628906 0.000000 0.050153 0.000000 0.998742 0.400000 0.400000 0.400000
662.195557 0.000000 1434.625000 0.000000 0.613138 0.000000 -0.789976 0.400000 0.400000 0.400000
664.773499 0.000000 1428.471680 0.000000 0.560512 0.000000 -0.828146 0.400000 0.400000 0.400000
664.773499 0.000000 1434.467773 0.000000 0.922539 0.000000 -0.385905 0.400000 0.400000 0.400000
681.954468 0.000000 1396.627075 0.000000 0.894173 0.000000 0.447722 0.400000 0.400000 0.400000
681.954468 0.000000 1408.619263 0.000000 0.489770 0.000000 0.871852 0.400000 0.400000 0.400000
689.946655 0.000000 1396.627075 0.000000 0.500567 0.000000 0.865698 0.400000 0.400000 0.400000
689.946655 0.000000 1402.623169 0.000000 0.581557 0.000000 0.813506 0.400000 0.400000 0.400000
697.938843 0.000000 1396.627075 0.000000 0.962168 0.000000 -0.272457 0.400000 0.400000 0.400000
697.938843 0.000000 1402.623169 0.000000 0.946837 0.000000 0.321714 0.400000 0.400000 0.400000
689.946655 0.000000 1408.619263 0.000000 0.231505 0.000000 0.972834 0.400000 0.400000 0.400000
697.938843 0.000000 1414.615356 0.000000 0.632392 0.000000 -0.774649 0.400000 0.400000 0.400000
675.424988 0.000000 1423.714111 0.000000 0.939259 0.000000 0.343209 0.400000 0.400000 0.400000
675.424988 0.000000 1435.706299 0.000000 0.972822 0.000000 0.231552 0.400000 0.400000 0.400000
683.417175 0.000000 1429.710205 0.000000 0.878439 0.000000 -0.477854 0.400000 0.400000 0.400000
683.417175 0.000000 1435.706299 0.000000 0.925182 0.000000 0.379523 0.400000 0.400000 0.400000
688.750061 0.000000 1416.479492 0.000000 0.145309 0.000000 -0.989386 0.400000 0.400000 0.400000
694.164307 0.000000 1422.632812 0.000000 0.991184 0.000000 -0.132490 0.400000 0.400000 0.400000
697.938843 0.000000 1420.611450 0.000000 0.758416 0.000000 0.651771 0.400000 0.400000 0.400000
691.409363 0.000000 1435.706299 0.000000 0.655133 0.000000 -0.755513 0.400000 0.400000 0.400000
705.931030 0.000000 1366.646606 0.000000 0.329883 0.000000 0.944022 0.400000 0.400000 0.400000
713.923218 0.000000 1360.650513 0.000000 0.946958 0.000000 -0.321357 0.400000 0.400000 0.400000
721.915405 0.000000 1360.650513 0.000000 0.161725 0.000000 0.986836 0.400000 0.400000 0.400000
721.915405 0.000000 1366.646606 0.000000 0.929196 0.000000 0.369588 0.400000 0.400000 0.400000
729.907593 0.000000 1360.650513 0.000000 0.457884 0.000000 0.889012 0.400000 0.400000 0.400000
729.907593 0.000000 1366.646606 0.000000 0.887328 0.000000 -0.461139 0.400000 0.400000 0.400000
705.931030 0.000000 1372.642700 0.000000 0.070093 0.000000 -0.997540 0.400000 0.400000 0.400000
710.148682 0.000000 1368.667969 0.000000 0.431534 0.000000 -0.902096 0.400000 0.400000 0.400000
705.931030 0.000000 1378.638794 0.000000 0.648426 0.000000 0.761278 0.400000 0.400000 0.400000
710.148682 0.000000 1374.664062 0.000000 0.263744 0.000000 0.964593 0.400000 0.400000 0.400000
718.140869 0.000000 1368.667969 0.000000 0.466559 0.000000 -0.884490 0.400000 0.400000 0.400000
713.923218 0.000000 1378.638794 0.000000 0.488238 0.000000 0.872711 0.400000 0.400000 0.400000
718.140869 0.000000 1374.664062 0.000000 0.448015 0.000000 0.894026 0.400000 0.400000 0.400000
705.931030 0.000000 1384.634888 0.000000 0.634537 0.000000 0.772893 0.400000 0.400000 0.400000
710.148682 0.000000 1380.660156 0.000000 0.610200 0.000000 -0.792247 0.400000 0.400000 0.400000
705.931030 0.000000 1390.630981 0.000000 0.746908 0.000000 0.664928 0.400000 0.400000 0.400000
713.923218 0.000000 1384.634888 0.000000 0.968351 0.000000 0.249592 0.400000 0.400000 0.400000
713.923218 0.000000 1390.630981 0.000000 0.408844 0.000000 -0.912604 0.400000 0.400000 0.400000
721.915405 0.000000 1372.642700 0.000000 0.853895 0.000000 0.520445 0.400000 0.400000 0.400000
729.907593 0.000000 1372.642700 0.000000 0.580546 0.000000 -0.814227 0.400000 0.400000 0.400000
729.907593 0.000000 1378.638794 0.000000 0.896033 0.000000 -0.443988 0.400000 0.400000 0.400000
721.915405 0.000000 1384.634888 0.000000 0.066028 0.000000 -0.997818 0.400000 0.400000 0.400000
737.899780 0.000000 1366.646606 0.000000 0.434752 0.000000 -0.900550 0.400000 0.400000 0.400000
737.899780 0.000000 1372.642700 0.000000 0.460335 0.000000 -0.887745 0.400000 0.400000 0.400000
737.899780 0.000000 1378.638794 0.000000 0.597212 0.000000 -0.802083 0.400000 0.400000 0.400000
665.970093 0.000000 1444.595825 0.000000 0.941764 0.000000 0.336276 0.400000 0.400000 0.400000
670.187744 0.000000 1446.617188 0.000000 0.479761 0.000000 -0.877399 0.400000 0.400000 0.400000
673.962280 0.000000 1450.591919 0.000000 0.542450 0.000000 0.840088 0.400000 0.400000 0.400000
"}
