object={
	name="tree_leaf_2_high_generator_1_0"
	render_pass=Map
	clamp_to_water_level=no
	generated_content=yes
	layer="tree_high_layer"
	pdxmesh="tree_leaf_01_a_mesh"
	count=14
	transform="346.282562 0.000000 209.400528 0.000000 0.997879 0.000000 0.065100 0.598927 0.598927 0.598927
450.181000 0.000000 269.361450 0.000000 0.546727 0.000000 0.837311 0.589595 0.589595 0.589595
450.181000 0.000000 275.357544 0.000000 0.066070 0.000000 0.997815 0.575207 0.575207 0.575207
454.398712 0.000000 277.378906 0.000000 0.393331 0.000000 0.919397 0.570294 0.570294 0.570294
448.984436 0.000000 283.217712 0.000000 0.970842 0.000000 0.239720 0.591660 0.591660 0.591660
446.406525 0.000000 289.371094 0.000000 0.669917 0.000000 0.742436 0.582454 0.582454 0.582454
450.181000 0.000000 293.345825 0.000000 0.324033 0.000000 0.946046 0.572120 0.572120 0.572120
454.398712 0.000000 289.371094 0.000000 0.291743 0.000000 0.956497 0.540806 0.540806 0.540806
456.976624 0.000000 289.213806 0.000000 0.594371 0.000000 0.804191 0.565012 0.565012 0.565012
670.187744 0.000000 847.007812 0.000000 0.493890 0.000000 0.869524 0.576312 0.576312 0.576312
673.962280 0.000000 844.986450 0.000000 0.788962 0.000000 0.614442 0.593062 0.593062 0.593062
681.954468 0.000000 850.982544 0.000000 0.979842 0.000000 0.199774 0.597590 0.597590 0.597590
651.448425 0.000000 866.077332 0.000000 0.978937 0.000000 0.204163 0.587988 0.587988 0.587988
670.187744 0.000000 870.992188 0.000000 0.019167 0.000000 0.999816 0.562812 0.562812 0.562812
"}
object={
	name="tree_leaf_2_high_generator_1_1"
	render_pass=Map
	clamp_to_water_level=no
	generated_content=yes
	layer="tree_high_layer"
	pdxmesh="tree_leaf_01_b_mesh"
	count=20
	transform="338.290375 0.000000 197.408340 0.000000 0.643002 0.000000 -0.765865 0.610454 0.610454 0.610454
346.282562 0.000000 197.408340 0.000000 0.071536 0.000000 -0.997438 0.624703 0.624703 0.624703
350.500275 0.000000 199.429703 0.000000 0.351826 0.000000 -0.936066 0.627216 0.627216 0.627216
345.085999 0.000000 205.268494 0.000000 0.994795 0.000000 -0.101892 0.603211 0.603211 0.603211
354.274750 0.000000 197.408340 0.000000 0.999996 0.000000 -0.002811 0.600046 0.600046 0.600046
378.251312 0.000000 203.404434 0.000000 0.996065 0.000000 -0.088621 0.601861 0.601861 0.601861
442.188812 0.000000 269.361450 0.000000 0.895588 0.000000 -0.444885 0.608978 0.608978 0.608978
438.414337 0.000000 277.378906 0.000000 0.289753 0.000000 -0.957102 0.626776 0.626776 0.626776
446.406525 0.000000 277.378906 0.000000 0.918122 0.000000 -0.396298 0.608545 0.608545 0.608545
458.173187 0.000000 269.361450 0.000000 0.992433 0.000000 -0.122789 0.601475 0.601475 0.601475
455.395386 0.000000 286.354095 0.000000 0.897270 0.000000 -0.441482 0.623973 0.623973 0.623973
458.173187 0.000000 287.349731 0.000000 0.952982 0.000000 -0.303027 0.610146 0.610146 0.610146
456.976624 0.000000 283.217712 0.000000 0.921384 0.000000 -0.388654 0.616742 0.616742 0.616742
448.984436 0.000000 289.213806 0.000000 0.230051 0.000000 -0.973179 0.642110 0.642110 0.642110
450.181000 0.000000 383.287231 0.000000 0.364536 0.000000 -0.931189 0.625116 0.625116 0.625116
450.181000 0.000000 389.283325 0.000000 0.876701 0.000000 -0.481036 0.606766 0.606766 0.606766
649.985718 0.000000 856.978638 0.000000 0.680743 0.000000 -0.732522 0.613545 0.613545 0.613545
662.195557 0.000000 847.007812 0.000000 0.761862 0.000000 -0.647740 0.615832 0.615832 0.615832
678.179932 0.000000 853.003906 0.000000 0.258384 0.000000 -0.966042 0.629422 0.629422 0.629422
681.954468 0.000000 868.970825 0.000000 0.665125 0.000000 -0.746732 0.611367 0.611367 0.611367
"}
